7.92 	633.62 	1
65.31 	633.41 	1
127.27 	632.86 	1
184.41 	635.70 	1
245.47 	633.17 	1
305.87 	634.88 	1
364.01 	632.09 	1
427.84 	632.24 	1
484.52 	634.14 	1
546.61 	633.44 	1
605.03 	634.70 	1
297.13 	599.53 	1
304.81 	599.43 	1
309.36 	597.75 	1
317.04 	600.88 	1
276.44 	592.89 	1
280.32 	594.68 	1
287.75 	593.84 	1
291.73 	593.87 	1
294.47 	592.15 	1
301.17 	593.58 	0
305.30 	595.74 	0
311.55 	593.41 	0
314.70 	593.60 	0
319.90 	593.06 	1
326.26 	595.02 	1
267.74 	590.89 	1
270.91 	588.52 	1
275.72 	590.32 	0
280.09 	588.44 	0
285.50 	588.91 	0
291.30 	589.80 	0
295.63 	590.72 	0
300.58 	587.30 	0
306.66 	590.29 	0
309.27 	587.16 	0
315.73 	587.01 	0
320.47 	590.84 	0
325.29 	589.65 	1
260.89 	584.91 	1
266.79 	585.80 	0
270.20 	582.10 	0
274.40 	582.24 	0
282.37 	582.21 	0
285.42 	583.00 	0
289.30 	585.00 	0
295.18 	583.96 	0
299.70 	583.01 	0
305.11 	583.52 	0
309.40 	583.48 	0
314.97 	582.39 	0
319.14 	585.72 	0
325.69 	584.35 	0
330.62 	582.81 	1
261.17 	580.08 	1
266.93 	580.66 	0
269.69 	578.97 	0
276.97 	579.95 	0
281.34 	580.31 	0
284.03 	577.72 	0
292.38 	578.57 	0
294.09 	579.04 	0
300.53 	580.75 	0
305.89 	579.82 	0
310.92 	579.07 	0
317.70 	579.87 	0
322.26 	580.77 	0
326.15 	580.08 	0
331.71 	578.93 	1
7.75 	573.44 	1
77.42 	574.30 	1
127.77 	572.83 	1
187.47 	575.18 	1
245.06 	573.22 	1
262.75 	572.83 	1
266.86 	573.65 	0
271.90 	575.96 	0
274.76 	575.30 	0
281.94 	574.90 	0
284.23 	574.32 	0
292.71 	572.32 	0
295.07 	575.61 	0
302.22 	575.39 	0
304.39 	574.62 	0
309.47 	575.28 	0
315.09 	575.10 	0
322.22 	573.19 	0
325.39 	575.20 	0
332.51 	574.21 	1
364.13 	575.68 	1
424.57 	574.65 	1
484.48 	573.07 	1
516.92 	564.49 	1
606.56 	572.74 	1
265.37 	569.92 	1
271.12 	568.15 	0
274.66 	570.48 	0
281.46 	569.21 	0
285.63 	567.30 	0
289.59 	570.54 	0
295.24 	567.25 	0
302.19 	570.18 	0
304.18 	568.26 	0
310.75 	568.60 	0
315.72 	570.49 	0
320.74 	568.04 	0
325.51 	569.91 	0
329.91 	567.94 	1
267.85 	564.99 	1
270.87 	564.07 	0
277.76 	562.86 	0
281.80 	562.18 	0
286.39 	564.06 	0
289.82 	565.98 	0
295.17 	563.35 	0
299.05 	563.27 	0
306.51 	563.42 	0
309.75 	565.08 	0
315.69 	564.92 	0
319.82 	565.73 	0
327.64 	564.18 	0
330.79 	562.81 	1
260.28 	557.60 	1
267.71 	559.23 	0
270.34 	559.64 	0
276.93 	560.71 	0
281.14 	558.99 	0
284.07 	558.57 	0
291.75 	560.99 	0
296.37 	558.86 	0
299.42 	558.12 	0
306.04 	557.96 	0
312.62 	559.41 	0
317.22 	559.29 	0
321.42 	558.79 	0
326.96 	559.83 	0
330.28 	558.88 	1
254.06 	553.68 	1
262.80 	552.18 	0
267.42 	555.54 	0
272.86 	555.18 	0
278.92 	555.20 	0
282.30 	553.54 	0
285.80 	552.38 	0
289.60 	555.45 	0
294.54 	555.70 	0
300.13 	553.45 	0
307.21 	555.58 	0
312.64 	552.64 	0
316.00 	554.44 	0
322.22 	555.95 	0
326.54 	555.29 	0
329.63 	555.85 	0
337.41 	555.62 	1
341.88 	554.18 	1
249.57 	547.95 	1
255.10 	549.39 	0
259.85 	548.99 	0
267.30 	549.98 	0
269.40 	548.15 	0
276.67 	549.45 	0
282.67 	547.45 	0
284.75 	547.79 	0
290.76 	548.58 	0
297.43 	550.87 	0
300.13 	549.85 	0
307.92 	548.32 	0
312.69 	549.98 	0
315.73 	549.12 	0
319.10 	547.36 	0
325.32 	548.19 	0
329.56 	548.67 	0
335.81 	548.97 	0
339.94 	550.02 	0
345.50 	550.82 	1
351.93 	549.01 	1
362.89 	547.53 	1
244.46 	545.51 	1
252.50 	543.78 	0
255.90 	542.84 	0
259.62 	543.51 	0
266.85 	545.20 	0
272.65 	544.89 	0
276.90 	543.42 	0
280.26 	543.85 	0
284.33 	544.72 	0
290.40 	545.08 	0
294.35 	543.69 	0
301.28 	543.64 	0
304.70 	542.02 	0
312.53 	546.00 	0
317.33 	542.61 	0
321.62 	542.04 	0
326.00 	545.80 	0
330.72 	544.48 	0
335.89 	544.42 	0
341.87 	542.31 	0
346.78 	542.48 	0
351.47 	543.72 	0
357.55 	544.07 	1
244.15 	537.22 	1
251.41 	537.06 	0
255.08 	540.53 	0
260.51 	537.19 	0
267.04 	539.02 	0
270.65 	538.83 	0
274.29 	539.76 	0
279.74 	538.98 	0
286.95 	540.91 	0
289.02 	539.98 	0
302.11 	538.24 	0
305.31 	538.98 	0
311.75 	540.82 	0
316.26 	538.03 	0
321.83 	540.41 	0
324.99 	538.62 	0
331.28 	537.19 	0
337.75 	538.35 	0
342.74 	537.52 	0
344.89 	537.22 	0
352.32 	537.49 	0
356.46 	538.13 	0
360.92 	537.73 	1
366.90 	540.63 	1
239.15 	534.16 	1
247.04 	535.14 	0
249.81 	535.81 	0
255.71 	534.20 	0
260.32 	533.03 	0
265.78 	535.27 	0
270.48 	534.74 	0
276.78 	534.61 	0
281.91 	534.76 	0
285.34 	535.02 	0
290.01 	535.32 	0
294.03 	532.18 	0
299.28 	533.61 	0
304.63 	533.40 	0
312.82 	532.56 	0
316.48 	534.83 	0
331.67 	532.30 	0
337.09 	532.60 	0
339.83 	534.31 	0
346.31 	532.82 	0
349.05 	534.85 	0
356.69 	534.08 	0
362.32 	534.72 	0
364.67 	533.93 	1
237.84 	527.38 	1
242.93 	528.50 	0
247.49 	527.54 	0
252.57 	529.48 	0
257.77 	528.97 	0
260.51 	527.25 	0
264.59 	527.51 	0
272.84 	527.64 	0
275.34 	530.01 	0
282.28 	527.96 	0
287.10 	528.85 	0
289.11 	529.47 	0
297.45 	530.86 	0
302.06 	528.65 	0
304.83 	529.21 	0
310.45 	530.04 	0
316.41 	528.01 	0
319.72 	535.28 	0
324.06 	529.59 	0
331.70 	530.33 	0
336.49 	528.00 	0
341.57 	529.06 	0
346.72 	529.38 	0
352.64 	529.20 	0
357.75 	527.39 	0
362.95 	530.11 	0
366.72 	527.83 	1
371.72 	529.70 	1
234.49 	523.60 	1
241.33 	525.93 	0
245.65 	523.41 	0
251.86 	525.93 	0
254.22 	525.11 	0
262.89 	523.77 	0
264.20 	522.45 	0
269.31 	522.11 	0
275.89 	522.05 	0
281.01 	525.79 	0
284.98 	523.07 	0
292.78 	525.33 	0
295.71 	522.28 	0
301.85 	523.54 	0
306.82 	524.96 	0
312.99 	525.40 	0
315.79 	522.11 	0
319.98 	524.95 	0
326.50 	522.65 	0
329.24 	525.33 	0
337.63 	524.57 	0
339.09 	525.92 	0
346.35 	522.02 	0
350.72 	525.99 	0
358.00 	524.50 	0
359.43 	524.61 	1
235.29 	519.40 	1
239.71 	517.01 	0
247.22 	517.94 	0
249.13 	519.59 	0
257.49 	520.99 	0
259.98 	519.64 	0
265.62 	519.80 	0
272.32 	520.29 	0
276.87 	517.94 	0
279.89 	517.24 	0
285.68 	517.52 	0
292.39 	519.05 	0
295.40 	520.31 	0
301.48 	520.05 	0
304.70 	519.00 	0
310.55 	517.57 	0
314.34 	519.57 	0
320.56 	517.77 	0
324.31 	518.01 	0
332.72 	517.23 	0
334.31 	517.70 	0
340.09 	518.60 	0
347.79 	518.80 	0
349.26 	520.28 	0
355.59 	519.92 	1
7.81 	512.12 	1
65.44 	513.63 	1
126.15 	515.65 	1
185.80 	512.50 	1
237.37 	514.45 	1
240.07 	514.29 	0
245.52 	512.05 	0
249.81 	514.91 	0
255.71 	515.72 	0
261.74 	512.65 	0
265.43 	514.64 	0
272.30 	512.90 	0
277.63 	512.73 	0
281.09 	512.03 	0
285.83 	513.63 	0
291.13 	512.91 	0
295.42 	512.38 	0
299.51 	512.95 	0
304.84 	512.40 	0
311.13 	514.35 	1
322.57 	515.07 	0
326.91 	512.44 	0
332.12 	514.93 	0
335.93 	512.56 	0
339.12 	514.60 	0
346.47 	513.99 	0
352.39 	514.73 	0
355.59 	512.56 	1
366.05 	512.30 	1
426.12 	512.90 	1
485.76 	512.42 	1
545.35 	512.30 	1
607.45 	515.23 	1
232.51 	509.23 	1
235.50 	508.42 	1
242.90 	509.01 	1
245.45 	510.43 	1
250.45 	507.11 	1
254.81 	510.15 	0
260.28 	509.56 	0
264.27 	508.38 	0
269.76 	507.51 	0
274.13 	509.15 	0
279.97 	509.15 	0
285.26 	508.58 	0
292.98 	508.65 	0
295.65 	507.10 	0
300.01 	507.38 	0
310.46 	509.77 	1
316.97 	510.50 	0
320.81 	508.45 	0
324.53 	507.37 	0
329.01 	509.43 	0
336.88 	508.44 	0
342.20 	510.78 	0
345.35 	507.03 	0
352.73 	507.55 	1
430.96 	510.18 	1
435.93 	509.86 	1
229.15 	502.71 	1
252.59 	504.62 	1
255.38 	505.80 	1
259.74 	503.12 	1
264.30 	505.10 	1
269.92 	503.71 	1
276.08 	505.75 	0
279.59 	503.73 	0
284.90 	503.85 	0
292.05 	503.05 	0
294.56 	504.04 	0
302.71 	504.33 	1
305.06 	505.70 	1
312.20 	504.09 	1
316.86 	502.23 	0
321.11 	502.91 	0
326.50 	505.79 	0
332.42 	504.71 	0
337.94 	503.32 	0
342.76 	504.33 	0
347.43 	503.33 	1
352.54 	502.53 	1
435.22 	503.06 	1
439.49 	502.08 	1
119.25 	497.65 	1
125.81 	500.98 	1
131.98 	500.07 	1
136.81 	500.87 	1
141.32 	500.26 	1
276.21 	500.76 	1
282.30 	500.52 	1
284.87 	500.21 	1
291.49 	497.33 	1
296.55 	499.10 	1
301.68 	497.36 	1
310.88 	499.45 	1
316.11 	499.21 	0
319.75 	499.65 	0
325.23 	500.99 	0
331.16 	498.04 	0
335.46 	497.99 	0
342.85 	498.48 	1
344.40 	500.95 	1
435.44 	498.93 	1
441.55 	498.79 	1
446.07 	499.86 	1
449.40 	497.38 	1
105.10 	493.55 	1
111.29 	495.97 	1
117.24 	492.06 	1
121.41 	492.04 	0
124.55 	492.96 	0
131.59 	495.96 	0
135.60 	492.98 	0
140.17 	494.61 	0
144.93 	495.55 	1
149.73 	492.71 	1
156.03 	492.59 	1
316.00 	495.11 	1
320.96 	495.61 	1
326.40 	492.40 	0
332.13 	492.25 	0
337.42 	495.15 	0
342.40 	492.45 	1
444.49 	495.06 	1
449.34 	493.79 	1
456.38 	493.07 	1
96.13 	490.76 	1
101.29 	490.22 	1
107.74 	489.01 	0
109.01 	489.49 	0
114.80 	487.60 	0
119.80 	487.71 	0
127.77 	488.55 	0
129.16 	488.48 	0
137.84 	490.35 	0
140.54 	489.78 	0
146.28 	490.42 	0
150.49 	487.02 	0
156.48 	488.08 	1
326.90 	489.65 	1
330.83 	488.42 	1
334.90 	488.27 	1
451.54 	487.97 	1
455.10 	490.02 	1
462.35 	490.54 	1
89.87 	485.24 	1
94.71 	484.79 	0
102.99 	482.31 	0
107.56 	484.66 	0
111.37 	483.12 	0
117.08 	482.69 	0
119.29 	482.58 	0
127.28 	485.66 	0
130.81 	484.19 	0
137.84 	482.25 	0
142.32 	482.33 	0
147.33 	482.85 	0
150.82 	484.00 	0
156.75 	483.01 	0
161.14 	482.17 	1
456.63 	484.25 	1
460.19 	484.05 	0
466.59 	484.80 	1
470.32 	485.21 	1
85.12 	479.84 	1
92.27 	477.70 	1
94.04 	479.11 	0
100.72 	480.85 	0
107.37 	477.24 	0
111.20 	481.00 	0
115.57 	478.65 	0
121.44 	477.85 	0
126.58 	478.91 	0
130.72 	477.59 	0
135.30 	479.18 	0
140.49 	477.77 	0
147.95 	479.56 	0
151.20 	480.67 	0
156.34 	478.40 	0
160.50 	477.44 	0
167.13 	480.90 	1
457.71 	479.23 	1
461.24 	480.98 	0
466.10 	479.34 	0
469.60 	478.78 	0
474.78 	480.64 	1
89.98 	472.73 	1
95.35 	475.13 	1
101.68 	473.01 	0
106.97 	472.35 	0
112.25 	473.35 	0
117.08 	474.73 	0
121.85 	473.38 	0
126.07 	474.08 	0
130.00 	473.21 	0
134.95 	473.71 	0
139.91 	474.74 	0
144.13 	472.09 	0
151.65 	473.27 	0
155.81 	472.26 	0
162.66 	475.44 	0
165.46 	474.05 	1
461.03 	472.70 	1
467.89 	473.84 	0
469.20 	472.56 	0
475.37 	474.43 	0
482.72 	473.32 	1
100.67 	470.73 	1
105.39 	468.51 	0
110.66 	468.04 	0
115.96 	467.55 	0
122.62 	467.90 	0
127.83 	469.60 	0
129.34 	467.45 	0
136.33 	467.09 	0
141.01 	467.54 	0
147.97 	469.18 	0
151.21 	469.53 	0
154.09 	467.14 	0
162.27 	470.46 	0
164.86 	470.72 	0
171.62 	469.23 	1
466.91 	468.46 	1
472.21 	469.96 	0
475.61 	467.44 	0
482.05 	470.18 	0
485.75 	468.75 	1
104.29 	462.43 	1
110.89 	465.44 	0
114.43 	465.72 	0
119.59 	463.26 	0
126.92 	465.64 	0
132.06 	462.53 	0
135.34 	465.44 	0
142.49 	463.12 	0
147.74 	464.92 	0
152.41 	463.31 	0
157.38 	462.79 	0
160.85 	463.36 	0
167.40 	464.44 	0
171.03 	462.07 	0
176.76 	464.82 	1
472.27 	464.36 	1
475.03 	464.84 	0
481.28 	464.25 	0
487.48 	463.76 	0
492.11 	462.78 	1
109.59 	459.77 	1
117.09 	459.26 	0
121.88 	458.64 	0
127.62 	459.50 	0
130.46 	459.25 	0
134.96 	457.02 	0
142.64 	458.85 	0
144.94 	460.96 	0
151.09 	457.02 	0
155.21 	460.40 	0
162.98 	459.37 	0
166.85 	458.46 	0
172.70 	457.45 	0
177.09 	460.35 	1
475.19 	458.25 	1
482.37 	460.42 	0
486.54 	459.16 	0
489.63 	457.58 	0
494.68 	459.89 	1
6.17 	452.12 	1
64.63 	454.48 	1
116.21 	455.48 	1
122.01 	454.60 	0
124.11 	453.35 	0
131.23 	452.12 	0
137.49 	455.02 	1
139.48 	452.56 	1
145.66 	452.84 	1
150.11 	454.04 	1
156.96 	454.13 	1
160.83 	452.30 	1
166.92 	454.34 	1
170.98 	453.74 	1
176.25 	454.04 	1
187.56 	452.44 	1
246.44 	453.49 	1
306.96 	455.85 	1
365.45 	455.75 	1
424.00 	453.41 	1
482.94 	452.54 	1
487.66 	453.30 	0
491.98 	452.85 	0
494.73 	453.38 	0
502.57 	452.18 	1
544.84 	454.14 	1
606.68 	455.61 	1
120.80 	449.64 	1
125.65 	449.60 	0
129.41 	447.07 	1
177.26 	450.57 	1
482.87 	450.43 	1
486.23 	448.29 	0
489.27 	449.51 	0
496.21 	447.34 	0
502.89 	447.35 	0
505.07 	449.04 	1
120.55 	445.98 	1
124.65 	444.28 	1
487.43 	442.50 	1
489.23 	444.09 	0
494.21 	446.00 	0
500.21 	445.03 	0
505.14 	442.75 	0
512.62 	444.23 	1
517.68 	445.79 	1
491.81 	439.94 	1
495.09 	437.90 	0
502.00 	439.94 	0
506.55 	439.25 	0
512.15 	440.80 	0
515.53 	440.77 	1
115.70 	433.65 	1
494.40 	435.95 	1
501.68 	434.92 	0
506.93 	434.04 	0
512.31 	434.23 	0
517.33 	435.91 	1
114.70 	429.35 	1
500.69 	427.19 	1
506.74 	429.58 	0
512.96 	428.14 	0
515.07 	428.09 	0
519.52 	428.70 	1
505.53 	424.54 	1
511.59 	423.81 	0
514.60 	425.18 	0
521.80 	424.32 	1
110.60 	418.89 	1
350.96 	417.22 	1
510.87 	417.75 	1
515.02 	417.43 	0
522.18 	419.01 	0
526.17 	418.40 	1
111.12 	413.17 	1
349.82 	414.72 	1
517.92 	413.36 	1
520.29 	415.06 	0
526.03 	413.06 	1
346.07 	407.11 	1
351.50 	408.49 	1
520.95 	409.22 	1
525.59 	409.25 	1
105.63 	405.72 	1
341.13 	405.96 	1
346.34 	405.82 	0
350.64 	405.31 	0
354.46 	403.44 	1
527.70 	402.93 	1
531.89 	405.50 	1
104.06 	397.90 	1
232.25 	400.51 	1
331.37 	400.84 	1
337.67 	397.20 	1
341.14 	399.60 	0
347.18 	399.66 	0
351.92 	398.95 	0
355.37 	399.12 	1
529.51 	399.34 	1
4.60 	394.25 	1
66.62 	394.88 	1
101.83 	394.60 	1
126.33 	392.64 	1
186.38 	394.70 	1
234.65 	394.92 	1
246.62 	393.88 	1
305.60 	392.53 	1
331.37 	394.86 	1
336.00 	394.59 	0
342.21 	395.24 	0
346.74 	393.53 	0
352.91 	392.61 	0
356.76 	395.60 	1
364.16 	392.23 	1
426.98 	395.87 	1
484.73 	392.42 	1
545.95 	394.31 	1
605.09 	394.13 	1
237.81 	388.90 	1
240.86 	389.47 	1
246.15 	389.63 	1
327.49 	390.77 	1
329.96 	390.02 	0
336.10 	387.96 	0
341.91 	388.40 	0
345.66 	390.57 	0
352.75 	387.54 	0
354.27 	388.93 	0
359.12 	387.57 	1
97.10 	385.46 	1
240.09 	385.96 	1
245.76 	383.96 	0
251.78 	382.08 	1
315.21 	383.98 	1
321.61 	385.41 	1
326.06 	385.72 	0
332.43 	383.97 	0
335.87 	383.87 	0
342.50 	383.46 	0
345.09 	385.50 	0
351.12 	384.97 	0
357.05 	384.13 	0
361.52 	382.16 	1
90.69 	379.14 	1
242.24 	377.71 	1
244.92 	377.28 	0
252.06 	380.41 	0
254.15 	379.52 	1
261.35 	377.95 	1
267.53 	377.58 	1
272.21 	377.34 	1
314.15 	381.00 	1
320.03 	377.60 	0
324.86 	379.66 	0
329.76 	380.35 	0
336.38 	379.05 	0
339.10 	380.42 	0
344.67 	380.55 	0
350.22 	379.08 	0
355.26 	377.64 	0
361.31 	379.92 	1
84.05 	372.30 	1
240.61 	372.71 	1
244.02 	373.90 	0
249.09 	374.84 	0
257.63 	373.32 	0
261.06 	375.96 	0
266.19 	373.84 	0
270.55 	374.61 	1
314.17 	373.45 	1
320.73 	373.74 	0
327.34 	372.45 	0
329.83 	372.22 	0
334.27 	374.35 	0
340.38 	373.36 	0
346.14 	373.53 	0
349.85 	375.45 	0
355.43 	375.40 	0
362.92 	375.10 	1
364.69 	374.18 	1
237.95 	368.53 	1
239.94 	369.49 	0
246.52 	370.14 	0
249.42 	367.51 	0
257.12 	367.31 	0
259.09 	370.15 	0
267.32 	367.77 	0
269.73 	369.01 	1
316.80 	367.94 	1
321.93 	368.52 	0
324.94 	369.16 	0
332.15 	369.56 	0
334.12 	369.08 	0
342.04 	368.15 	0
346.52 	368.49 	0
349.31 	370.37 	0
354.05 	370.65 	0
359.74 	370.73 	0
365.40 	369.88 	1
235.81 	363.18 	1
239.56 	365.43 	0
245.88 	365.33 	0
250.37 	365.58 	0
254.09 	364.70 	0
259.61 	365.73 	0
267.43 	364.60 	0
271.29 	363.05 	0
277.31 	365.99 	1
280.49 	364.76 	1
284.88 	365.30 	1
309.94 	365.15 	1
315.90 	363.54 	0
320.82 	362.62 	0
324.55 	364.50 	0
330.28 	362.20 	0
337.98 	364.37 	0
341.42 	363.78 	0
346.04 	364.04 	0
350.06 	362.35 	0
357.51 	362.11 	0
362.91 	365.10 	1
509.77 	365.23 	1
232.04 	357.66 	1
234.16 	357.94 	1
242.05 	359.30 	0
245.58 	360.65 	0
249.12 	359.49 	0
254.55 	357.01 	0
260.08 	359.73 	0
264.51 	357.20 	0
269.50 	357.85 	0
275.40 	359.79 	0
280.29 	358.27 	0
285.48 	357.99 	1
309.21 	358.19 	1
316.73 	359.31 	0
322.52 	358.86 	0
325.75 	360.14 	0
329.49 	359.40 	0
337.59 	357.11 	0
339.18 	358.59 	0
344.99 	360.69 	0
352.01 	357.53 	0
357.35 	359.31 	0
362.51 	359.85 	1
545.69 	357.85 	1
236.15 	355.97 	1
242.31 	355.96 	0
247.77 	355.70 	0
252.46 	353.21 	0
256.96 	352.48 	0
261.17 	355.48 	0
264.93 	355.02 	0
272.92 	354.98 	0
276.10 	354.94 	0
281.03 	353.53 	0
285.71 	352.42 	0
291.36 	353.59 	1
311.93 	354.38 	1
314.95 	355.55 	0
320.24 	355.88 	0
324.27 	352.73 	0
331.78 	352.47 	0
336.98 	352.83 	0
340.28 	354.18 	0
346.59 	353.92 	0
350.56 	354.02 	0
354.98 	354.08 	0
360.31 	353.68 	1
235.65 	349.00 	1
242.13 	348.59 	0
247.02 	348.19 	0
251.02 	349.35 	0
254.50 	347.37 	0
262.98 	347.36 	0
266.88 	347.67 	0
272.00 	347.38 	0
275.93 	350.20 	0
281.11 	350.56 	0
284.31 	347.85 	0
290.11 	349.50 	1
311.53 	349.48 	1
315.68 	347.08 	0
320.30 	347.24 	0
325.57 	347.66 	0
330.47 	348.17 	0
336.49 	347.93 	0
339.52 	349.46 	0
344.15 	347.11 	0
352.15 	349.93 	0
354.85 	349.66 	0
359.27 	347.16 	1
431.79 	349.21 	1
541.13 	349.57 	1
235.32 	345.31 	1
242.74 	342.08 	0
245.98 	342.16 	0
252.34 	343.88 	0
254.98 	342.28 	0
261.28 	343.83 	0
264.43 	342.30 	0
271.25 	344.65 	0
277.97 	342.27 	0
279.59 	345.82 	0
286.40 	345.82 	0
289.24 	343.28 	0
297.07 	343.73 	1
300.35 	343.02 	1
307.91 	342.27 	1
312.67 	342.34 	0
314.06 	344.28 	0
320.87 	342.27 	0
326.56 	344.24 	0
332.90 	345.57 	0
335.08 	344.14 	0
341.88 	344.78 	0
346.10 	342.55 	0
350.25 	342.71 	0
354.06 	344.89 	0
359.93 	344.73 	1
391.03 	343.58 	1
426.79 	345.92 	1
431.28 	342.62 	1
540.60 	343.47 	1
241.51 	337.31 	0
246.60 	340.60 	0
252.48 	337.07 	0
255.84 	339.42 	0
261.73 	337.57 	0
264.91 	339.09 	0
270.80 	337.69 	0
274.37 	337.94 	0
281.19 	337.36 	0
284.01 	337.88 	0
289.96 	338.69 	0
296.31 	339.97 	0
301.54 	340.28 	0
306.22 	337.38 	0
310.65 	338.83 	0
316.09 	339.39 	0
319.06 	337.47 	0
325.80 	340.83 	0
330.13 	338.91 	0
335.05 	337.48 	0
341.69 	340.84 	0
344.21 	337.09 	0
351.99 	337.60 	0
355.43 	338.56 	0
360.38 	338.39 	1
389.22 	339.63 	1
394.94 	337.51 	1
399.64 	337.66 	1
406.62 	339.70 	1
411.84 	339.94 	1
414.75 	338.44 	1
422.86 	339.47 	1
425.28 	338.58 	1
539.64 	338.05 	1
547.26 	337.94 	1
4.36 	334.88 	1
67.19 	332.68 	1
125.51 	335.71 	1
184.54 	334.87 	1
232.76 	332.94 	1
235.83 	334.67 	1
241.38 	334.73 	0
246.26 	333.20 	0
250.58 	332.59 	0
254.67 	334.26 	0
262.81 	335.81 	0
265.05 	335.61 	0
272.25 	332.54 	0
277.88 	333.21 	0
281.25 	332.03 	0
284.04 	333.57 	0
292.50 	335.34 	0
296.07 	332.93 	0
302.26 	335.44 	0
305.02 	333.88 	0
311.96 	333.00 	0
315.75 	334.83 	0
320.23 	334.91 	0
327.85 	332.12 	0
330.02 	333.23 	0
337.66 	332.59 	0
340.71 	333.99 	0
346.70 	334.41 	0
349.05 	333.88 	0
357.22 	332.81 	0
362.64 	332.39 	0
367.91 	334.16 	1
386.77 	333.43 	1
390.14 	332.22 	0
394.89 	335.60 	0
400.64 	334.93 	0
407.54 	332.41 	0
409.68 	333.56 	0
414.23 	335.52 	0
420.79 	332.95 	1
425.87 	335.46 	1
485.54 	334.72 	1
536.83 	334.72 	1
542.53 	335.92 	0
546.67 	334.48 	0
551.58 	335.99 	1
604.15 	332.37 	1
230.29 	328.74 	1
236.11 	330.00 	1
242.29 	327.27 	0
245.92 	327.15 	0
251.65 	330.36 	0
255.26 	329.60 	0
261.81 	329.65 	0
267.19 	329.40 	0
270.03 	327.36 	0
277.51 	330.77 	0
281.41 	327.22 	0
284.91 	327.11 	0
289.27 	330.18 	0
296.68 	328.31 	0
299.15 	328.30 	0
305.11 	330.93 	0
309.71 	327.62 	0
315.50 	330.25 	0
322.86 	329.34 	0
326.35 	328.77 	0
331.54 	327.34 	0
335.53 	329.82 	0
342.65 	329.53 	0
346.57 	330.63 	0
349.95 	329.02 	0
357.89 	330.77 	0
361.04 	328.74 	0
366.20 	329.88 	0
370.90 	329.07 	1
377.16 	327.87 	1
381.72 	329.27 	1
386.25 	330.68 	0
389.26 	328.46 	0
396.15 	330.59 	0
399.49 	327.25 	0
406.47 	330.18 	0
412.27 	328.31 	0
416.83 	327.70 	0
420.65 	328.94 	1
527.74 	328.86 	1
529.23 	328.11 	1
534.18 	327.20 	0
539.35 	329.14 	0
545.03 	329.59 	0
551.62 	330.04 	0
556.58 	330.22 	1
562.12 	329.33 	1
567.77 	329.51 	1
82.69 	325.71 	1
86.99 	322.81 	1
242.69 	322.44 	1
244.64 	325.43 	0
251.08 	323.01 	0
254.22 	323.52 	0
260.88 	324.56 	0
266.54 	325.73 	0
270.78 	324.31 	0
277.95 	322.57 	0
282.92 	325.26 	0
284.83 	322.37 	0
289.06 	322.61 	0
296.52 	325.25 	0
302.31 	322.34 	0
305.20 	324.20 	0
312.95 	323.14 	0
316.73 	325.35 	0
319.51 	323.36 	0
325.01 	323.62 	0
330.09 	322.23 	0
334.48 	324.52 	0
340.82 	322.99 	0
347.91 	325.52 	0
351.57 	323.54 	0
356.81 	324.46 	0
361.83 	324.11 	0
364.29 	325.58 	0
371.55 	324.78 	0
377.76 	322.01 	0
381.17 	324.70 	0
387.14 	323.55 	0
389.04 	323.26 	0
394.08 	322.20 	0
402.59 	323.83 	0
407.62 	324.24 	0
409.61 	324.42 	0
417.43 	322.51 	0
420.91 	324.83 	1
522.51 	323.70 	1
526.10 	322.66 	0
529.47 	322.50 	0
537.86 	322.85 	0
541.86 	322.79 	0
546.07 	323.41 	0
549.79 	323.02 	0
554.15 	322.33 	0
561.19 	324.05 	0
565.98 	324.14 	0
570.40 	322.17 	1
575.40 	325.13 	1
74.47 	317.32 	1
79.89 	319.79 	0
84.81 	318.11 	0
90.93 	317.88 	1
246.97 	320.08 	1
250.69 	318.32 	0
254.06 	317.43 	0
262.38 	319.94 	0
265.51 	320.68 	0
270.94 	319.16 	0
274.27 	317.34 	0
277.09 	317.65 	0
287.65 	317.43 	0
289.16 	319.99 	0
294.21 	320.48 	0
299.76 	319.87 	0
307.83 	317.53 	0
311.36 	317.90 	0
314.54 	319.50 	0
319.65 	320.32 	0
327.55 	320.31 	0
332.99 	318.35 	0
337.49 	317.62 	0
340.05 	320.15 	0
347.85 	318.10 	0
350.64 	318.62 	0
354.27 	319.09 	0
362.15 	319.47 	0
365.35 	319.09 	0
372.41 	319.41 	0
375.98 	319.12 	0
381.71 	319.11 	0
386.10 	320.60 	0
389.65 	318.31 	0
396.76 	319.33 	0
401.47 	319.92 	0
404.10 	319.17 	0
410.09 	319.11 	0
415.17 	320.32 	0
419.91 	317.04 	1
515.35 	317.19 	1
520.91 	317.89 	0
524.52 	317.38 	0
529.50 	320.26 	0
535.35 	320.99 	0
539.50 	320.67 	0
544.95 	318.37 	0
551.57 	319.83 	0
554.44 	317.82 	0
560.80 	318.68 	0
565.99 	319.47 	0
571.38 	318.47 	0
574.41 	319.58 	0
581.52 	320.53 	1
50.95 	314.48 	1
55.94 	312.75 	1
74.45 	312.06 	1
79.64 	313.86 	0
87.63 	314.08 	0
89.45 	312.76 	0
94.72 	312.09 	1
102.99 	314.28 	1
245.04 	314.58 	1
252.53 	313.40 	0
256.95 	314.07 	0
260.52 	312.19 	0
266.38 	314.32 	0
269.14 	315.96 	0
274.42 	312.13 	0
283.00 	315.98 	0
287.81 	313.17 	0
289.25 	315.30 	0
296.47 	313.41 	0
301.37 	313.91 	0
304.13 	315.85 	0
310.42 	314.54 	0
314.81 	313.41 	0
319.21 	315.49 	0
325.76 	315.18 	0
331.95 	314.42 	0
336.16 	312.56 	0
339.18 	313.13 	0
347.50 	315.87 	0
351.40 	312.07 	0
356.75 	314.67 	0
361.52 	314.61 	0
366.44 	315.75 	0
371.10 	315.71 	0
375.94 	315.92 	0
382.76 	314.60 	0
384.44 	312.49 	0
390.42 	312.78 	0
394.47 	312.96 	0
400.95 	315.13 	0
407.41 	314.89 	0
409.54 	313.62 	0
415.72 	314.24 	0
421.99 	312.60 	1
511.55 	315.66 	1
515.87 	312.82 	0
519.48 	313.76 	0
526.72 	312.61 	0
530.08 	312.90 	0
534.93 	315.06 	0
539.19 	315.86 	0
545.90 	314.43 	0
550.70 	314.69 	0
555.56 	313.59 	0
560.33 	313.07 	0
566.37 	312.43 	0
569.83 	312.33 	0
577.97 	312.42 	0
579.31 	315.59 	0
585.16 	314.51 	1
39.95 	308.58 	1
47.71 	309.67 	1
50.88 	309.30 	0
57.09 	308.08 	0
59.28 	310.76 	1
76.09 	309.59 	1
80.36 	310.77 	0
85.49 	309.67 	0
91.00 	307.26 	0
97.84 	310.04 	0
101.42 	308.33 	0
106.63 	307.62 	1
109.43 	308.12 	1
115.79 	307.67 	1
246.90 	309.67 	1
249.73 	307.72 	0
257.24 	310.61 	0
259.32 	307.13 	0
267.18 	309.42 	0
272.10 	309.40 	0
277.36 	308.67 	0
280.33 	308.56 	0
286.53 	307.78 	0
289.57 	308.57 	0
294.97 	310.22 	0
299.58 	309.80 	0
304.02 	307.39 	0
310.82 	309.45 	0
314.96 	308.03 	0
321.50 	310.08 	0
327.40 	307.54 	0
331.06 	307.66 	0
336.58 	307.25 	0
341.23 	310.27 	0
345.32 	310.40 	0
352.69 	308.13 	0
354.17 	307.08 	0
362.04 	310.16 	0
367.87 	308.66 	0
371.90 	309.99 	0
377.04 	307.04 	0
381.07 	307.76 	0
387.89 	308.77 	0
392.28 	309.50 	0
394.40 	309.17 	0
402.02 	308.48 	0
404.07 	307.46 	0
409.32 	307.59 	0
417.48 	307.97 	1
505.69 	308.87 	1
512.09 	310.32 	0
518.00 	309.60 	0
522.18 	309.51 	0
527.20 	307.32 	0
529.21 	310.82 	0
536.05 	309.01 	0
540.57 	309.01 	0
546.44 	307.41 	0
550.86 	309.03 	0
557.53 	308.05 	0
560.55 	307.53 	0
565.44 	308.51 	0
572.91 	309.30 	0
575.94 	307.40 	0
580.03 	308.69 	0
586.22 	307.92 	0
589.10 	308.18 	1
42.88 	303.35 	1
44.92 	302.82 	0
50.05 	305.51 	0
57.99 	302.22 	0
59.31 	302.22 	1
77.99 	305.07 	1
82.88 	303.30 	0
84.98 	303.92 	0
91.72 	305.86 	0
94.85 	302.91 	0
101.32 	303.86 	0
106.79 	304.65 	0
109.40 	303.23 	0
116.22 	303.70 	1
249.84 	305.65 	0
256.38 	302.73 	0
262.61 	304.62 	0
266.93 	303.67 	0
270.32 	304.20 	0
274.46 	302.47 	0
282.86 	304.44 	0
284.13 	302.85 	0
289.85 	302.07 	0
297.50 	303.84 	0
301.42 	302.72 	0
304.25 	304.77 	0
311.46 	302.42 	0
315.30 	303.25 	0
319.33 	304.60 	0
325.61 	305.18 	0
329.95 	305.40 	0
337.15 	302.70 	0
340.94 	305.44 	0
345.02 	302.25 	0
351.94 	305.17 	0
357.21 	304.67 	0
359.15 	304.84 	0
367.21 	305.44 	0
370.33 	304.12 	0
377.84 	302.66 	0
382.38 	305.15 	0
387.89 	305.87 	0
390.31 	305.60 	0
397.15 	305.50 	0
402.22 	304.30 	0
405.30 	303.65 	0
412.70 	304.66 	1
502.85 	302.98 	1
506.29 	305.28 	0
510.31 	302.15 	0
516.07 	303.86 	0
521.73 	304.81 	0
525.81 	304.96 	0
531.20 	303.72 	0
535.78 	302.07 	0
541.64 	304.06 	0
547.89 	303.43 	0
550.10 	302.74 	0
556.36 	302.67 	0
559.29 	304.20 	0
567.99 	305.72 	0
570.19 	304.99 	0
577.58 	304.60 	0
580.96 	302.58 	0
584.60 	305.56 	0
591.98 	303.85 	0
594.88 	305.10 	1
27.82 	299.18 	1
41.05 	297.79 	1
44.78 	299.76 	0
52.69 	300.44 	0
54.27 	298.06 	0
59.94 	299.33 	0
64.11 	297.96 	1
77.23 	298.89 	1
82.00 	299.87 	0
87.53 	297.98 	0
91.27 	297.46 	0
96.33 	299.93 	0
102.23 	298.16 	0
106.20 	299.59 	0
111.40 	298.67 	0
114.80 	299.61 	0
122.90 	298.57 	1
247.19 	299.30 	1
251.31 	297.19 	0
257.36 	299.55 	0
261.68 	297.50 	0
264.90 	300.62 	0
272.51 	300.61 	0
275.93 	299.02 	0
281.56 	298.63 	0
287.35 	299.91 	0
289.02 	297.45 	0
297.15 	298.03 	0
302.93 	297.48 	0
304.55 	300.90 	0
312.02 	300.45 	0
314.43 	299.39 	0
322.45 	299.84 	0
327.81 	298.67 	0
330.38 	299.75 	0
334.57 	297.04 	0
340.18 	299.36 	0
345.91 	297.94 	0
352.30 	299.80 	0
354.78 	299.11 	0
359.88 	299.63 	0
367.16 	299.28 	0
370.35 	300.33 	0
375.22 	298.96 	0
380.54 	299.41 	0
385.26 	298.73 	0
389.84 	298.16 	0
396.78 	299.84 	0
401.89 	297.91 	0
407.35 	300.72 	0
410.64 	299.75 	1
500.00 	300.18 	1
507.83 	299.10 	0
512.79 	297.03 	0
514.49 	298.59 	0
520.06 	300.19 	0
525.85 	298.51 	0
533.00 	300.18 	0
534.22 	300.61 	0
542.72 	298.80 	0
546.92 	299.28 	0
551.93 	298.18 	0
554.66 	297.49 	0
562.38 	298.67 	0
566.40 	299.10 	0
572.83 	298.98 	0
575.33 	300.67 	0
580.94 	298.00 	0
584.82 	297.93 	0
590.77 	298.02 	0
597.99 	300.85 	1
39.40 	292.68 	1
45.97 	292.17 	0
50.11 	292.29 	0
55.42 	294.40 	0
61.50 	295.77 	0
65.28 	294.99 	1
71.37 	292.97 	1
75.25 	295.70 	1
82.30 	292.55 	0
84.05 	293.03 	0
90.64 	293.73 	0
95.26 	293.16 	0
99.90 	295.42 	0
104.73 	295.83 	0
111.24 	293.56 	0
117.85 	294.77 	0
120.15 	294.43 	1
214.75 	293.85 	1
224.39 	292.05 	1
231.91 	292.09 	1
234.94 	296.00 	1
240.32 	292.25 	1
244.01 	293.20 	0
249.12 	294.19 	0
255.90 	295.30 	0
260.96 	293.85 	0
265.11 	295.31 	0
270.05 	294.53 	0
276.37 	295.97 	0
281.82 	292.03 	0
287.31 	295.88 	0
290.94 	293.94 	0
297.78 	293.57 	0
300.64 	294.84 	0
307.13 	295.69 	0
312.79 	292.79 	0
316.80 	293.96 	0
321.17 	295.90 	0
327.58 	293.08 	0
329.52 	293.39 	0
337.27 	293.82 	0
340.57 	292.45 	0
344.66 	294.15 	0
352.23 	295.24 	0
355.50 	295.78 	0
361.30 	294.29 	0
367.81 	295.52 	0
372.12 	295.96 	0
377.48 	294.68 	0
379.94 	294.06 	0
387.96 	295.71 	0
389.67 	294.16 	0
394.25 	294.21 	0
400.14 	293.12 	0
405.14 	295.25 	0
410.23 	295.05 	1
496.68 	295.39 	1
501.57 	293.94 	0
506.30 	292.15 	0
512.33 	293.80 	0
516.75 	292.90 	0
520.66 	294.42 	0
527.15 	293.98 	0
529.70 	294.75 	0
537.99 	294.92 	0
539.15 	294.34 	0
546.11 	294.80 	0
549.60 	293.05 	0
554.06 	294.91 	0
562.69 	293.51 	0
564.79 	294.89 	0
571.91 	292.84 	0
574.57 	295.24 	0
580.93 	295.30 	0
584.04 	292.58 	0
592.76 	293.69 	0
596.10 	295.58 	1
31.59 	288.11 	1
35.07 	288.28 	1
41.40 	288.81 	0
45.83 	289.19 	0
51.45 	287.45 	0
55.11 	290.10 	0
62.66 	287.73 	0
64.86 	289.78 	0
72.90 	290.58 	0
77.34 	289.54 	0
80.03 	288.74 	0
85.05 	288.54 	0
92.89 	288.83 	0
97.78 	290.42 	0
99.50 	287.11 	0
106.09 	287.56 	0
109.22 	289.71 	0
116.15 	290.13 	0
119.39 	289.09 	1
217.54 	290.19 	1
221.80 	288.28 	0
225.30 	288.15 	0
231.09 	287.64 	0
237.02 	287.69 	0
242.34 	288.41 	0
244.05 	287.01 	0
251.68 	290.23 	0
256.53 	289.06 	0
261.70 	290.05 	0
264.67 	289.90 	0
271.57 	289.96 	0
274.69 	288.96 	0
279.15 	289.31 	0
286.24 	288.07 	0
291.68 	288.23 	0
294.23 	289.57 	0
301.66 	287.78 	0
307.29 	288.43 	0
310.41 	287.59 	0
314.73 	289.68 	0
319.75 	289.76 	0
325.24 	290.03 	0
330.52 	288.66 	0
334.74 	290.55 	0
342.05 	287.98 	0
347.85 	290.33 	0
350.81 	289.78 	0
356.85 	287.31 	0
360.57 	289.59 	0
365.19 	289.32 	0
371.06 	287.58 	0
374.44 	288.27 	0
382.70 	287.96 	0
385.29 	290.81 	0
390.56 	288.57 	0
394.46 	289.21 	0
402.70 	289.74 	0
405.32 	290.34 	0
410.60 	288.41 	1
497.65 	287.18 	1
502.34 	290.70 	0
507.70 	288.18 	0
511.22 	287.49 	0
515.10 	290.54 	0
522.80 	288.87 	0
525.00 	288.93 	0
532.31 	287.53 	0
534.70 	289.38 	0
541.85 	287.45 	0
544.48 	288.86 	0
551.19 	290.03 	0
554.36 	287.53 	0
559.87 	290.52 	0
566.16 	287.50 	0
572.17 	288.46 	0
577.47 	288.91 	0
581.84 	289.60 	0
587.08 	290.20 	0
590.27 	288.33 	0
595.06 	290.86 	1
29.08 	283.31 	1
34.55 	283.65 	0
39.26 	283.18 	0
45.49 	282.84 	0
51.11 	284.59 	0
57.08 	282.71 	0
60.93 	283.70 	0
64.88 	283.25 	0
71.21 	282.89 	0
75.23 	285.98 	0
82.42 	284.50 	0
84.06 	284.22 	0
92.04 	282.55 	0
97.51 	283.82 	0
101.85 	284.92 	0
107.80 	283.16 	0
112.11 	285.02 	0
117.91 	283.72 	1
191.92 	282.71 	1
194.97 	283.89 	1
199.03 	282.16 	1
205.55 	285.92 	1
212.33 	284.30 	1
217.59 	282.52 	0
220.60 	282.23 	0
227.32 	284.97 	0
230.73 	284.08 	0
236.80 	282.24 	0
241.19 	284.32 	0
247.50 	282.02 	0
251.74 	284.00 	0
257.93 	284.27 	0
260.97 	284.43 	0
266.42 	284.87 	0
272.14 	285.44 	0
274.16 	284.31 	0
282.37 	282.56 	0
286.64 	283.62 	0
291.15 	284.48 	0
295.23 	283.97 	0
302.96 	283.83 	0
307.45 	284.65 	0
310.79 	282.28 	0
317.47 	284.44 	0
319.69 	285.04 	0
324.25 	285.22 	0
332.48 	283.05 	0
336.90 	283.54 	0
340.25 	283.86 	0
345.73 	282.62 	0
351.32 	285.21 	0
355.95 	284.13 	0
360.80 	284.75 	0
365.45 	284.67 	0
369.66 	283.56 	0
375.28 	282.82 	0
382.80 	282.62 	0
385.56 	285.87 	0
392.64 	285.59 	0
396.59 	285.00 	0
401.42 	285.86 	1
405.00 	284.58 	1
496.12 	283.30 	1
499.85 	285.57 	0
504.22 	284.26 	0
511.61 	282.80 	0
517.73 	283.09 	0
521.84 	285.43 	0
526.88 	284.25 	0
531.32 	283.86 	0
536.57 	282.48 	0
539.31 	285.23 	0
545.22 	282.92 	0
552.77 	284.32 	0
556.76 	284.14 	0
562.63 	283.55 	0
566.26 	285.80 	0
571.29 	285.63 	0
575.30 	282.26 	0
581.52 	284.73 	0
587.31 	285.81 	0
592.01 	284.09 	0
595.40 	283.65 	0
599.87 	283.49 	1
27.90 	279.11 	1
31.94 	280.42 	1
35.49 	277.67 	0
40.46 	278.81 	0
47.21 	280.04 	0
51.72 	277.59 	0
54.67 	277.39 	0
60.23 	279.05 	0
67.05 	278.19 	0
72.63 	280.86 	0
76.57 	277.01 	0
80.36 	277.05 	0
87.64 	278.52 	0
91.94 	278.99 	0
97.05 	277.46 	0
102.50 	278.82 	0
105.41 	278.60 	0
110.25 	279.35 	1
202.41 	277.53 	1
204.70 	278.66 	0
212.64 	279.10 	0
214.55 	277.91 	0
222.45 	280.28 	0
224.03 	280.22 	0
231.40 	279.13 	0
235.40 	280.79 	0
241.53 	278.10 	0
246.91 	278.37 	0
252.57 	279.13 	0
257.96 	280.39 	0
262.47 	278.29 	0
267.26 	277.62 	0
272.87 	279.39 	0
275.22 	280.79 	0
280.80 	278.01 	0
286.78 	278.27 	0
291.00 	277.85 	0
294.14 	279.21 	0
300.97 	277.68 	0
306.54 	280.74 	0
311.60 	277.67 	0
317.83 	278.90 	0
320.39 	280.68 	0
324.57 	280.65 	0
329.86 	278.23 	0
337.04 	278.72 	0
340.68 	278.55 	0
347.68 	280.60 	0
350.03 	280.86 	0
355.56 	280.82 	0
362.29 	278.40 	0
364.20 	280.79 	0
372.50 	278.42 	0
374.86 	280.65 	0
381.64 	278.01 	0
387.83 	277.97 	0
390.24 	280.45 	0
396.61 	279.31 	1
494.70 	279.14 	1
499.36 	280.73 	0
505.91 	280.36 	0
512.46 	280.69 	0
515.23 	277.14 	0
521.89 	280.17 	0
525.42 	279.49 	0
529.52 	278.90 	0
537.28 	278.53 	0
542.48 	280.06 	0
545.00 	278.56 	0
549.57 	279.75 	0
556.67 	280.38 	0
559.89 	280.55 	0
567.45 	279.06 	0
569.64 	278.35 	0
577.28 	280.20 	0
582.50 	278.41 	0
584.11 	280.11 	0
591.59 	280.11 	0
595.19 	277.64 	0
600.43 	277.81 	1
5.79 	272.68 	1
31.26 	274.15 	0
36.76 	272.32 	0
41.77 	272.60 	0
46.86 	272.02 	0
50.49 	275.07 	0
56.85 	274.40 	0
61.88 	274.75 	0
66.58 	273.54 	0
70.28 	272.57 	0
74.07 	274.27 	0
79.05 	274.90 	0
84.91 	274.30 	0
91.14 	273.04 	0
97.23 	273.01 	0
101.91 	272.88 	0
107.74 	275.08 	1
126.65 	272.50 	1
184.53 	273.94 	1
200.92 	273.96 	1
212.66 	272.78 	1
214.69 	273.66 	0
220.49 	273.10 	0
225.70 	274.59 	0
229.58 	274.63 	0
235.23 	272.96 	0
241.09 	273.94 	0
245.29 	272.98 	0
249.07 	273.23 	0
255.31 	272.90 	0
260.11 	274.71 	0
265.65 	273.30 	0
272.55 	273.75 	0
277.53 	275.83 	0
280.69 	272.03 	0
286.22 	272.98 	0
292.05 	275.73 	0
294.37 	274.58 	0
299.17 	275.40 	0
304.73 	272.73 	0
310.52 	273.95 	0
314.94 	274.06 	0
322.71 	272.09 	0
326.56 	272.86 	0
329.57 	274.06 	0
334.46 	273.70 	0
342.11 	273.14 	0
346.10 	274.46 	0
351.07 	274.91 	0
355.08 	274.83 	0
361.52 	274.50 	0
367.79 	275.99 	0
371.78 	275.55 	0
375.61 	273.23 	0
382.51 	272.36 	0
387.72 	272.83 	0
389.44 	272.43 	1
426.59 	273.17 	1
485.85 	275.39 	1
494.46 	275.14 	1
502.61 	275.79 	0
504.97 	275.66 	0
510.09 	273.89 	0
515.19 	272.95 	0
520.68 	275.69 	0
525.41 	272.48 	0
531.95 	273.51 	0
537.34 	272.14 	0
540.32 	274.55 	0
546.92 	272.81 	0
549.62 	275.06 	0
555.06 	273.72 	0
561.82 	275.45 	0
567.04 	274.23 	0
571.67 	274.38 	0
576.21 	274.81 	0
580.29 	275.04 	0
585.25 	274.03 	0
589.55 	274.94 	0
596.02 	275.34 	0
600.59 	274.35 	1
606.82 	272.14 	1
27.53 	268.81 	1
30.05 	270.90 	0
37.65 	268.62 	0
40.38 	269.22 	0
44.91 	268.23 	0
51.19 	267.65 	0
57.33 	270.42 	0
60.73 	267.86 	0
64.12 	269.46 	0
72.65 	270.63 	0
76.64 	268.87 	0
80.87 	268.41 	0
86.59 	268.46 	0
90.14 	268.46 	0
94.34 	268.11 	0
99.96 	269.61 	1
216.28 	269.33 	1
219.44 	268.74 	0
227.21 	269.15 	0
230.37 	267.39 	0
235.97 	267.31 	0
240.99 	268.98 	0
244.64 	270.32 	0
251.35 	267.68 	0
256.34 	267.20 	0
260.88 	267.41 	0
265.94 	268.92 	0
271.03 	267.81 	0
275.72 	269.23 	0
280.72 	269.08 	0
287.65 	269.12 	0
291.30 	270.73 	0
295.64 	268.13 	0
300.32 	270.84 	0
306.69 	268.45 	0
312.79 	268.63 	0
314.62 	270.42 	0
321.57 	268.06 	0
324.63 	270.24 	0
329.41 	268.66 	0
337.30 	269.53 	0
339.22 	269.12 	0
345.00 	268.44 	0
351.25 	270.01 	0
354.95 	268.87 	0
359.08 	269.10 	0
366.89 	270.17 	0
369.60 	267.25 	0
374.47 	268.38 	0
381.64 	267.52 	0
385.99 	268.64 	1
496.92 	270.05 	1
502.24 	269.83 	0
505.87 	270.59 	0
510.52 	268.67 	0
514.02 	268.88 	0
519.51 	268.74 	0
526.08 	268.98 	0
530.31 	268.93 	0
534.80 	270.66 	0
541.24 	269.81 	0
545.33 	267.72 	0
549.77 	267.31 	0
554.91 	269.73 	0
561.09 	268.12 	0
564.68 	269.56 	0
571.83 	267.37 	0
576.96 	267.55 	0
582.17 	269.54 	0
584.57 	268.36 	0
590.79 	268.36 	0
597.32 	269.82 	0
600.71 	269.18 	1
26.61 	265.17 	1
31.80 	264.14 	0
35.98 	263.43 	0
39.55 	263.95 	0
46.07 	262.86 	0
49.15 	264.06 	0
56.63 	265.39 	0
59.45 	264.28 	0
66.87 	264.87 	0
70.66 	262.29 	0
75.87 	265.73 	0
82.36 	265.38 	0
86.02 	262.69 	0
92.06 	264.14 	0
94.46 	262.89 	1
100.66 	262.03 	1
221.30 	262.15 	1
227.76 	263.94 	1
230.31 	264.43 	0
237.05 	262.53 	0
239.63 	263.27 	0
245.49 	265.80 	0
250.54 	262.84 	0
254.09 	262.74 	0
261.06 	265.31 	0
265.90 	264.07 	0
269.70 	264.93 	0
274.83 	264.69 	0
279.98 	265.42 	0
287.48 	264.05 	0
289.43 	263.30 	0
295.67 	264.67 	0
301.12 	265.04 	0
306.17 	262.77 	0
309.34 	262.25 	0
315.04 	263.44 	0
321.11 	264.73 	0
325.49 	264.11 	0
331.16 	263.05 	0
337.33 	265.38 	0
339.42 	263.53 	0
346.50 	263.71 	0
349.38 	265.81 	0
355.47 	265.40 	0
360.19 	265.54 	0
365.76 	264.69 	0
372.66 	264.70 	0
377.48 	265.59 	0
380.11 	264.02 	1
491.66 	263.61 	1
496.76 	265.28 	1
502.30 	263.92 	0
504.79 	263.04 	0
509.16 	265.83 	0
515.34 	265.02 	0
522.50 	262.56 	0
524.42 	265.44 	0
532.81 	262.97 	0
537.70 	262.67 	0
539.57 	263.55 	0
544.63 	265.91 	0
552.09 	264.12 	0
554.53 	262.96 	0
562.79 	265.00 	0
565.09 	262.12 	0
572.92 	264.51 	0
575.31 	264.64 	0
581.27 	264.19 	0
586.86 	263.36 	0
591.28 	264.58 	0
595.82 	264.55 	1
27.40 	258.68 	1
29.10 	259.37 	1
37.50 	260.75 	1
40.15 	260.55 	1
45.00 	260.62 	1
49.99 	257.29 	1
54.04 	257.07 	1
60.29 	260.28 	0
67.33 	259.88 	0
70.18 	258.73 	0
75.88 	258.72 	0
80.49 	259.96 	0
84.14 	258.19 	0
92.91 	259.73 	1
230.65 	260.23 	1
236.02 	257.09 	0
240.04 	260.45 	0
247.81 	260.60 	0
249.95 	260.63 	0
256.10 	258.90 	0
262.49 	257.68 	0
266.93 	257.53 	0
270.00 	257.08 	0
277.93 	259.66 	0
280.00 	257.21 	0
284.12 	258.92 	0
291.40 	259.43 	0
295.11 	259.23 	0
302.71 	260.85 	0
307.02 	258.52 	0
314.68 	258.87 	0
319.54 	260.26 	0
327.00 	258.18 	0
329.85 	258.47 	0
334.62 	259.79 	0
339.13 	260.84 	0
345.43 	257.72 	0
350.33 	258.08 	0
357.35 	257.51 	0
359.65 	258.06 	0
366.96 	257.06 	0
370.91 	257.61 	0
375.50 	260.16 	0
382.28 	260.24 	1
497.79 	260.16 	1
500.35 	257.04 	0
505.84 	260.64 	0
510.95 	258.68 	0
515.56 	259.78 	0
521.28 	259.61 	0
524.42 	258.60 	0
529.42 	260.87 	0
535.34 	257.59 	0
539.20 	259.08 	0
547.51 	260.36 	1
549.93 	259.02 	1
555.03 	258.34 	1
562.01 	259.09 	1
567.66 	259.29 	0
570.46 	259.17 	0
577.39 	257.17 	0
581.98 	259.69 	0
587.70 	260.47 	0
590.10 	258.25 	0
596.55 	257.47 	1
59.57 	253.78 	1
67.12 	252.49 	1
69.15 	253.73 	1
74.00 	252.75 	0
82.22 	254.51 	0
87.77 	255.92 	0
89.26 	253.01 	1
234.12 	254.23 	1
241.34 	254.83 	1
246.37 	254.28 	1
249.95 	253.85 	0
256.12 	255.50 	0
262.98 	253.53 	0
266.84 	254.41 	0
272.62 	254.74 	0
274.95 	252.45 	0
280.92 	254.98 	0
285.15 	253.76 	0
291.89 	254.70 	0
295.22 	255.33 	0
299.98 	255.37 	0
307.54 	253.32 	1
317.83 	253.18 	0
320.80 	252.42 	0
326.01 	255.96 	0
330.42 	252.06 	0
337.70 	253.22 	0
341.74 	253.64 	0
345.14 	253.80 	0
352.02 	252.91 	0
356.40 	255.24 	0
359.27 	255.49 	0
364.15 	253.33 	0
372.43 	253.72 	0
376.77 	255.42 	0
381.85 	254.82 	1
500.53 	254.47 	1
506.91 	253.43 	0
509.74 	255.05 	0
514.74 	255.38 	0
522.62 	252.60 	0
526.90 	255.20 	0
530.39 	254.85 	0
534.91 	255.73 	0
542.23 	252.79 	1
566.55 	253.30 	1
570.23 	253.99 	0
577.38 	252.58 	0
579.01 	255.55 	0
585.75 	254.50 	0
591.01 	254.99 	0
596.24 	252.88 	1
45.12 	247.72 	1
59.79 	247.73 	1
76.14 	247.48 	1
82.11 	248.74 	0
86.44 	248.69 	0
89.75 	249.72 	1
235.39 	250.64 	1
250.23 	248.47 	1
256.19 	247.27 	1
259.36 	247.15 	1
267.35 	248.80 	1
270.07 	250.78 	1
276.93 	248.90 	0
280.20 	250.80 	0
284.63 	247.79 	0
292.86 	250.06 	0
295.59 	247.58 	0
302.30 	248.39 	1
310.86 	250.27 	1
314.78 	248.61 	0
320.39 	248.96 	0
327.46 	247.51 	0
332.13 	250.63 	0
337.49 	249.66 	0
342.73 	250.91 	0
346.05 	247.22 	0
351.44 	250.77 	0
357.09 	250.90 	0
362.04 	248.05 	0
364.03 	250.92 	0
371.10 	249.46 	0
374.86 	249.50 	0
380.04 	250.15 	1
499.11 	250.69 	1
505.61 	247.86 	0
511.94 	247.84 	0
514.41 	250.89 	0
521.15 	247.65 	0
527.68 	250.74 	0
529.47 	249.22 	0
534.16 	248.81 	0
540.24 	247.91 	1
565.54 	247.11 	1
572.66 	249.94 	0
574.86 	250.99 	0
580.95 	250.46 	0
587.01 	250.79 	0
589.04 	249.05 	1
36.55 	242.93 	1
79.91 	243.10 	1
85.64 	243.64 	1
275.89 	244.39 	1
282.96 	242.67 	0
287.03 	245.79 	0
290.97 	242.71 	0
295.03 	243.71 	0
299.29 	243.84 	1
310.47 	242.61 	1
314.64 	245.73 	0
321.04 	245.03 	0
327.75 	243.19 	0
329.88 	244.94 	0
334.61 	242.81 	0
341.62 	245.61 	0
345.18 	242.95 	0
349.35 	243.37 	0
357.41 	245.93 	0
359.25 	242.82 	0
367.90 	242.58 	0
369.24 	242.53 	0
375.46 	242.77 	0
381.75 	244.67 	0
387.09 	245.35 	1
506.05 	242.12 	1
511.99 	243.21 	0
517.48 	242.18 	0
520.90 	243.74 	0
526.18 	242.24 	0
531.87 	242.13 	0
536.79 	245.50 	0
542.16 	244.37 	1
572.25 	245.87 	1
577.78 	244.39 	0
579.83 	245.26 	0
586.04 	243.32 	1
86.09 	239.74 	1
91.68 	240.16 	1
282.32 	240.59 	1
287.05 	239.27 	0
290.02 	240.91 	1
295.40 	238.40 	1
309.64 	238.46 	1
316.01 	237.58 	1
322.86 	239.07 	0
327.45 	239.75 	0
330.35 	240.24 	0
334.40 	237.74 	0
340.03 	237.74 	0
344.40 	238.98 	0
350.00 	238.50 	0
357.86 	239.56 	0
362.47 	237.71 	0
368.00 	237.52 	0
371.10 	238.35 	0
374.29 	240.21 	0
380.82 	238.99 	0
384.97 	240.80 	0
392.99 	240.65 	1
394.62 	238.11 	1
510.48 	238.04 	1
516.62 	238.86 	0
521.62 	237.86 	0
524.99 	240.22 	0
532.35 	239.30 	0
536.86 	237.81 	1
541.15 	238.82 	1
574.85 	240.67 	1
581.39 	237.95 	1
92.18 	234.26 	1
282.75 	233.98 	1
284.92 	232.27 	1
310.70 	235.00 	1
320.70 	234.08 	1
326.29 	232.49 	1
332.72 	235.47 	1
336.74 	235.46 	1
341.48 	235.01 	1
346.45 	233.59 	0
352.93 	234.98 	0
357.29 	233.63 	0
360.18 	232.17 	0
364.42 	234.87 	0
371.76 	235.98 	0
377.02 	235.07 	0
379.64 	234.47 	0
385.40 	235.49 	0
390.03 	234.06 	0
394.70 	232.36 	1
517.74 	234.38 	1
519.91 	232.51 	1
524.00 	234.62 	1
532.49 	235.18 	1
534.60 	233.35 	1
90.36 	230.48 	1
309.29 	228.31 	1
321.91 	229.73 	1
346.68 	228.87 	1
351.28 	227.44 	0
355.13 	230.43 	0
360.84 	227.16 	1
365.80 	227.77 	1
372.35 	228.14 	1
375.60 	227.90 	1
382.78 	229.92 	1
387.21 	229.81 	1
391.28 	227.00 	1
395.92 	230.70 	1
402.85 	230.37 	1
404.87 	230.20 	1
527.56 	230.18 	1
95.99 	222.98 	1
319.52 	223.81 	1
350.47 	225.21 	1
355.78 	223.49 	1
95.50 	218.97 	1
354.63 	219.37 	1
7.56 	215.90 	1
64.89 	212.05 	1
102.59 	213.70 	1
125.91 	215.70 	1
184.09 	214.63 	1
245.70 	213.28 	1
306.42 	214.79 	1
364.59 	213.48 	1
425.99 	214.00 	1
485.96 	212.52 	1
544.08 	215.39 	1
604.46 	212.47 	1
107.01 	202.07 	1
306.08 	197.72 	1
312.75 	197.93 	1
316.11 	197.50 	1
112.67 	194.00 	1
307.79 	195.15 	1
309.50 	195.49 	1
116.07 	190.04 	1
469.83 	169.31 	1
476.43 	167.64 	1
481.97 	167.61 	1
485.55 	167.24 	1
491.57 	168.88 	1
495.21 	167.53 	1
501.68 	169.23 	1
457.00 	165.34 	1
459.18 	163.87 	1
464.88 	163.20 	1
470.14 	163.15 	0
476.38 	163.39 	0
480.58 	163.78 	0
484.91 	164.54 	0
489.97 	162.61 	0
495.37 	162.23 	0
501.09 	165.76 	0
504.23 	165.18 	1
511.26 	165.83 	1
516.38 	163.39 	1
445.66 	157.18 	1
452.60 	159.63 	1
454.74 	160.19 	1
461.43 	158.91 	0
467.74 	157.46 	0
471.81 	159.40 	0
474.80 	158.22 	0
481.66 	159.40 	0
485.76 	160.98 	0
489.01 	157.34 	0
497.90 	157.76 	0
501.78 	160.62 	0
506.00 	160.46 	0
511.94 	160.23 	1
4.62 	155.07 	1
67.20 	154.25 	1
127.98 	155.68 	1
185.74 	154.24 	1
245.62 	152.09 	1
305.89 	155.50 	1
364.49 	152.79 	1
424.57 	154.11 	1
440.77 	152.82 	1
444.92 	154.92 	1
452.51 	152.75 	0
457.53 	155.89 	0
462.86 	155.53 	0
464.96 	153.13 	0
470.79 	155.18 	0
477.51 	153.31 	0
480.16 	155.32 	0
487.32 	152.86 	0
490.96 	154.36 	0
494.52 	153.41 	0
502.30 	154.36 	0
505.90 	152.33 	0
512.72 	154.46 	1
544.78 	154.94 	1
605.45 	152.28 	1
430.85 	149.60 	1
436.97 	149.34 	1
441.32 	150.52 	0
447.82 	150.71 	0
451.26 	148.52 	0
456.95 	148.63 	0
461.11 	149.65 	0
467.46 	149.95 	0
472.74 	147.16 	0
476.20 	150.49 	0
480.48 	149.23 	0
486.49 	149.06 	0
490.73 	147.47 	0
495.50 	150.86 	0
499.97 	149.16 	0
504.90 	147.93 	0
509.85 	150.80 	1
426.88 	144.26 	1
430.45 	143.10 	0
435.99 	143.01 	0
439.56 	145.61 	0
446.81 	142.62 	0
450.76 	144.59 	0
457.38 	143.70 	0
462.72 	144.89 	0
465.14 	143.19 	0
469.15 	145.82 	0
475.69 	144.99 	0
479.20 	143.99 	0
486.37 	145.08 	0
490.07 	145.29 	0
494.55 	145.44 	0
502.44 	144.54 	0
506.08 	143.82 	0
509.10 	144.64 	1
174.72 	137.52 	1
179.12 	140.19 	1
185.90 	139.66 	1
190.67 	140.11 	1
196.35 	140.70 	1
202.66 	138.88 	1
419.80 	139.80 	1
427.23 	139.20 	0
430.40 	138.44 	0
435.16 	140.10 	0
442.06 	138.90 	0
446.12 	137.42 	0
450.48 	137.92 	0
455.38 	137.39 	0
460.40 	137.14 	0
467.85 	140.35 	0
471.31 	138.40 	0
476.82 	139.66 	0
479.85 	137.27 	0
487.89 	138.88 	0
490.37 	137.40 	0
494.09 	139.38 	0
499.35 	138.44 	0
505.99 	138.04 	1
150.95 	134.27 	1
155.89 	134.64 	1
162.78 	135.76 	1
165.27 	132.61 	1
172.74 	133.41 	1
176.57 	134.98 	0
181.69 	132.75 	0
184.90 	133.24 	0
190.69 	135.40 	0
195.02 	132.16 	0
199.35 	135.17 	0
204.81 	133.63 	1
209.74 	135.42 	1
216.46 	134.57 	1
219.96 	133.58 	1
420.32 	132.86 	1
427.15 	134.65 	0
432.92 	135.17 	0
437.52 	134.45 	0
441.95 	133.99 	0
445.95 	132.10 	0
452.97 	132.27 	0
454.27 	135.50 	0
460.07 	133.70 	0
464.79 	133.65 	0
470.76 	134.59 	0
474.74 	134.33 	0
480.96 	135.04 	0
486.12 	132.41 	0
491.15 	132.01 	0
497.65 	132.44 	0
501.66 	135.90 	0
504.21 	132.77 	1
141.75 	127.94 	1
146.81 	128.88 	1
151.90 	130.46 	0
154.20 	128.35 	0
159.96 	128.67 	0
166.38 	130.51 	0
169.34 	130.28 	0
175.13 	130.19 	0
181.93 	130.72 	0
184.20 	130.84 	0
189.88 	128.27 	0
196.47 	128.39 	0
199.61 	127.94 	0
204.56 	130.98 	0
210.59 	130.28 	0
215.15 	130.27 	0
219.50 	129.76 	0
224.96 	129.10 	1
232.78 	130.23 	1
417.82 	130.38 	1
419.31 	127.57 	0
424.61 	129.39 	0
432.40 	130.91 	0
436.19 	127.11 	0
439.05 	127.49 	0
446.86 	127.24 	0
449.25 	128.03 	0
457.98 	130.32 	0
462.40 	127.46 	0
464.94 	128.76 	0
471.10 	129.39 	0
477.31 	130.90 	0
482.81 	129.64 	0
486.10 	127.09 	0
491.30 	129.41 	0
497.71 	128.10 	0
502.86 	130.13 	0
504.92 	128.05 	1
142.64 	123.52 	1
147.25 	125.94 	0
150.30 	124.04 	0
157.34 	123.57 	0
160.61 	122.30 	0
165.56 	122.47 	0
169.23 	123.07 	0
175.61 	125.96 	0
182.29 	123.45 	0
185.67 	122.06 	0
190.20 	122.43 	0
196.12 	125.46 	0
199.13 	124.32 	0
207.11 	123.07 	0
211.43 	123.95 	0
214.70 	125.94 	0
219.54 	125.47 	0
224.83 	122.62 	0
230.68 	123.77 	0
236.45 	124.10 	1
410.92 	123.81 	1
417.80 	125.01 	0
419.64 	124.72 	0
427.23 	124.83 	0
430.97 	123.23 	0
437.59 	123.06 	0
440.92 	125.22 	0
446.63 	123.26 	0
452.49 	123.17 	0
457.02 	125.39 	0
461.39 	123.76 	0
466.50 	124.62 	0
469.79 	124.84 	0
476.17 	122.40 	0
482.82 	123.95 	0
484.31 	124.87 	0
492.23 	122.47 	0
494.56 	122.82 	0
501.66 	124.43 	0
505.71 	123.71 	1
144.23 	117.37 	1
150.55 	119.23 	0
156.58 	118.52 	0
162.74 	119.17 	0
167.50 	120.00 	0
170.71 	117.64 	0
175.10 	118.62 	0
179.72 	120.51 	0
187.26 	117.66 	0
191.95 	117.17 	0
196.17 	119.81 	0
202.81 	120.29 	0
205.16 	117.32 	0
210.84 	120.34 	0
216.40 	120.56 	0
221.84 	120.88 	0
224.65 	117.87 	0
231.83 	117.13 	0
237.44 	119.24 	0
240.09 	117.52 	1
244.88 	118.29 	1
410.93 	117.29 	1
414.09 	120.01 	0
421.19 	119.27 	0
427.79 	119.83 	0
430.43 	119.18 	0
435.44 	117.76 	0
442.63 	118.14 	0
445.43 	119.06 	0
452.65 	117.40 	0
457.54 	119.87 	0
460.90 	118.23 	0
467.47 	120.51 	0
471.80 	118.89 	0
476.86 	117.92 	0
482.03 	119.78 	0
487.35 	120.52 	0
492.56 	117.58 	0
496.21 	117.93 	0
501.01 	117.65 	1
147.30 	112.27 	1
150.25 	115.40 	0
157.15 	115.10 	0
162.77 	112.26 	0
166.43 	112.22 	0
169.85 	114.53 	0
176.04 	115.72 	0
179.27 	112.79 	0
185.87 	115.85 	0
192.80 	115.12 	0
196.86 	114.08 	0
201.39 	112.65 	0
204.55 	113.26 	0
210.05 	114.46 	0
217.04 	113.31 	0
222.68 	115.21 	0
224.27 	114.26 	0
232.90 	114.59 	0
234.54 	115.26 	0
239.75 	115.74 	0
245.79 	115.86 	1
250.79 	112.56 	1
405.31 	115.06 	1
412.30 	112.93 	0
417.87 	114.44 	0
422.33 	113.24 	0
425.91 	115.21 	0
431.77 	114.60 	0
437.34 	113.28 	0
441.12 	112.01 	0
444.78 	112.33 	0
451.01 	113.60 	0
455.41 	112.25 	0
462.67 	114.98 	0
465.45 	115.07 	0
471.72 	115.70 	0
477.74 	112.71 	0
482.33 	113.95 	0
487.03 	115.56 	0
491.32 	112.91 	0
495.68 	113.00 	0
499.16 	114.72 	1
151.10 	109.75 	1
157.67 	107.30 	0
162.68 	108.90 	0
166.33 	107.00 	0
172.85 	107.38 	0
174.30 	107.09 	0
179.19 	110.26 	0
186.30 	109.07 	0
189.41 	108.88 	0
196.16 	107.57 	0
199.92 	110.37 	0
204.45 	110.01 	0
211.73 	110.52 	0
216.77 	110.55 	0
220.18 	110.27 	0
224.08 	108.29 	0
232.34 	110.46 	0
237.06 	110.78 	0
240.94 	109.96 	0
246.22 	109.19 	0
251.86 	109.27 	0
257.84 	108.37 	1
407.58 	108.39 	1
409.77 	109.13 	0
416.23 	107.17 	0
419.03 	107.58 	0
425.53 	110.94 	0
432.65 	109.46 	0
436.12 	107.71 	0
441.59 	107.13 	0
446.30 	109.68 	0
450.50 	107.39 	0
455.63 	107.32 	0
460.00 	109.22 	0
467.60 	109.67 	0
472.71 	110.18 	0
477.85 	109.63 	0
482.14 	107.07 	0
487.61 	108.53 	0
491.64 	109.32 	0
494.36 	109.96 	1
151.02 	102.54 	1
154.16 	104.57 	0
162.06 	102.47 	0
164.85 	102.15 	0
169.85 	103.22 	0
175.08 	104.64 	0
182.65 	105.74 	0
185.08 	103.40 	0
192.25 	105.04 	0
197.03 	102.46 	0
202.78 	105.09 	0
206.69 	103.41 	0
212.86 	103.41 	0
215.58 	104.72 	0
222.92 	102.77 	0
226.53 	105.76 	0
231.19 	103.52 	0
237.45 	103.64 	0
239.18 	105.53 	0
247.91 	102.34 	0
250.08 	105.64 	0
255.32 	105.50 	0
261.16 	103.46 	1
404.49 	104.11 	1
412.49 	102.78 	0
414.35 	105.41 	0
422.39 	105.70 	0
425.35 	102.68 	0
430.23 	105.27 	0
434.18 	103.85 	0
442.65 	102.89 	0
447.89 	102.43 	0
449.49 	105.82 	0
456.32 	103.87 	0
461.91 	104.32 	0
467.33 	102.53 	0
471.56 	104.45 	0
474.93 	103.83 	0
479.74 	103.81 	0
487.35 	104.72 	0
492.93 	102.11 	1
497.27 	104.33 	1
156.84 	97.39 	1
159.27 	100.75 	0
167.44 	98.73 	0
170.84 	97.42 	0
175.59 	98.67 	0
182.38 	100.44 	0
185.50 	97.58 	0
191.15 	100.85 	0
194.53 	98.15 	0
201.09 	99.68 	0
205.44 	100.58 	0
209.06 	100.17 	0
216.44 	99.11 	0
222.23 	100.24 	0
226.70 	98.92 	0
231.09 	97.63 	0
234.16 	99.54 	0
239.94 	99.37 	0
245.27 	98.03 	0
249.39 	100.11 	0
255.75 	97.23 	0
259.26 	98.01 	0
264.69 	97.23 	1
271.31 	99.53 	1
404.04 	100.82 	1
410.49 	99.41 	0
416.75 	97.99 	0
422.76 	99.00 	0
424.73 	100.00 	0
432.18 	100.34 	0
435.67 	98.97 	0
439.57 	99.08 	0
444.95 	99.41 	0
450.88 	97.12 	0
454.87 	100.96 	0
462.09 	99.67 	0
465.82 	100.72 	0
470.20 	99.74 	0
477.84 	100.23 	0
480.97 	98.38 	0
487.62 	98.18 	1
489.69 	99.19 	1
6.55 	92.39 	1
74.82 	95.92 	1
126.64 	94.38 	1
157.36 	92.48 	1
159.01 	93.08 	0
165.34 	95.66 	0
170.98 	93.43 	0
174.17 	93.27 	0
180.33 	92.56 	0
184.75 	94.27 	0
191.61 	95.86 	0
197.52 	92.52 	0
201.05 	93.67 	0
206.78 	93.29 	0
212.24 	92.88 	0
217.39 	92.46 	0
222.83 	93.89 	0
227.70 	93.39 	0
230.27 	95.89 	0
236.90 	93.29 	0
241.62 	92.26 	0
247.30 	93.06 	0
250.71 	94.53 	0
255.11 	94.86 	0
260.70 	92.08 	0
266.51 	94.83 	1
304.39 	93.99 	1
365.51 	92.38 	1
407.10 	95.65 	1
411.88 	92.40 	0
415.55 	92.17 	0
421.36 	93.70 	0
427.20 	93.60 	0
430.08 	94.36 	0
434.72 	94.11 	0
442.15 	94.97 	0
446.06 	95.74 	0
450.08 	94.39 	0
457.46 	92.86 	0
462.16 	94.10 	0
467.76 	95.20 	0
471.75 	92.86 	0
474.78 	92.56 	0
481.46 	95.48 	0
485.94 	92.60 	1
545.42 	93.70 	1
605.44 	95.38 	1
161.06 	89.63 	1
164.83 	87.11 	0
169.44 	87.41 	0
175.08 	87.72 	0
181.08 	88.18 	0
184.57 	88.11 	0
190.51 	87.80 	0
194.06 	89.15 	0
200.72 	89.85 	0
204.34 	88.38 	0
209.18 	87.67 	0
215.95 	87.03 	0
220.83 	87.40 	0
225.88 	87.00 	0
232.69 	90.13 	0
236.20 	87.70 	0
241.54 	87.94 	0
247.14 	90.34 	0
249.68 	90.23 	0
254.03 	88.08 	0
261.50 	87.95 	0
264.14 	89.70 	0
270.14 	89.89 	1
400.57 	88.66 	1
407.43 	89.44 	0
412.35 	88.19 	0
416.37 	88.34 	0
420.84 	88.27 	0
426.88 	89.96 	0
430.97 	90.06 	0
435.31 	87.97 	0
440.96 	88.47 	0
447.97 	87.84 	0
451.15 	89.56 	0
454.39 	90.19 	0
461.89 	89.09 	0
464.02 	87.59 	0
471.92 	90.69 	0
476.65 	89.42 	1
482.96 	90.58 	1
165.46 	83.11 	1
169.89 	83.26 	0
176.65 	85.04 	0
182.34 	84.21 	0
187.58 	85.80 	0
192.01 	83.63 	0
196.13 	83.04 	0
201.69 	83.31 	0
204.16 	82.11 	0
212.28 	84.83 	0
217.50 	84.62 	0
219.41 	82.60 	0
224.48 	84.89 	0
229.60 	82.07 	0
237.72 	83.95 	0
241.28 	83.16 	0
244.01 	83.16 	0
249.43 	82.10 	0
257.20 	83.59 	0
262.88 	83.58 	0
265.44 	84.72 	0
272.77 	85.11 	1
400.92 	85.02 	1
404.35 	82.44 	0
410.22 	84.85 	0
416.02 	84.78 	0
419.91 	83.30 	0
425.83 	82.15 	0
432.53 	84.03 	0
435.89 	85.48 	0
442.86 	83.07 	0
445.17 	83.14 	0
451.66 	84.12 	0
455.59 	84.03 	0
459.35 	85.63 	0
467.53 	83.41 	1
471.71 	84.83 	1
169.13 	80.34 	1
177.91 	80.59 	0
182.62 	79.26 	0
187.62 	77.59 	0
191.98 	80.33 	0
195.27 	80.50 	0
200.49 	80.38 	0
205.33 	80.20 	0
210.90 	80.23 	0
214.90 	80.78 	0
219.05 	79.78 	0
227.00 	79.44 	0
232.02 	77.61 	0
237.67 	77.18 	0
242.57 	77.26 	0
244.63 	78.27 	0
252.81 	80.06 	0
256.18 	79.10 	0
262.11 	77.28 	0
266.76 	77.50 	0
270.15 	78.13 	1
401.02 	77.71 	1
407.99 	78.37 	0
410.77 	77.13 	0
416.21 	79.26 	0
420.62 	79.68 	0
426.02 	79.09 	0
429.64 	77.14 	0
434.51 	78.05 	0
440.43 	78.28 	0
444.05 	77.34 	0
451.71 	79.82 	1
456.33 	79.56 	1
462.10 	80.27 	1
170.77 	75.74 	1
174.17 	73.83 	0
182.16 	72.19 	0
186.07 	75.08 	0
191.73 	73.55 	0
197.21 	75.02 	0
199.68 	72.34 	0
206.71 	73.18 	0
209.47 	75.90 	0
217.96 	74.53 	0
222.67 	73.55 	0
225.91 	73.68 	0
230.02 	72.12 	0
234.01 	74.89 	0
239.54 	74.36 	0
245.29 	75.76 	0
250.47 	73.06 	0
255.11 	72.72 	0
261.19 	72.77 	0
266.20 	72.41 	0
272.16 	73.90 	0
274.59 	75.99 	1
401.10 	74.67 	1
405.86 	75.36 	0
409.50 	75.44 	0
415.20 	74.40 	0
419.55 	72.91 	1
427.43 	75.55 	1
432.57 	73.03 	1
434.51 	75.80 	1
440.55 	72.80 	1
446.46 	73.53 	1
460.01 	75.15 	1
174.48 	69.54 	1
181.46 	70.86 	1
185.76 	70.17 	0
192.31 	70.23 	0
194.12 	67.92 	0
201.33 	69.24 	0
205.64 	68.33 	0
211.76 	70.04 	0
218.00 	69.45 	0
221.62 	67.37 	0
226.27 	68.50 	0
232.99 	69.63 	0
234.87 	67.19 	0
241.85 	68.89 	0
246.63 	69.54 	0
252.72 	69.79 	0
254.05 	67.51 	0
262.49 	69.03 	0
267.71 	69.55 	0
272.46 	70.94 	0
276.18 	68.02 	1
399.30 	68.30 	1
406.71 	68.03 	1
411.88 	67.37 	1
417.67 	69.91 	1
185.53 	65.17 	1
190.11 	64.97 	0
198.68 	65.43 	0
202.27 	62.98 	0
204.78 	65.46 	0
211.24 	65.13 	0
217.25 	63.13 	0
219.80 	63.89 	0
227.40 	65.22 	0
229.76 	64.96 	0
235.62 	65.23 	0
242.81 	63.67 	0
244.11 	63.10 	0
249.22 	65.97 	0
255.74 	62.03 	0
262.13 	62.27 	0
266.97 	65.01 	0
271.66 	63.38 	0
274.11 	65.55 	1
282.52 	64.64 	1
397.92 	65.05 	1
399.76 	63.66 	1
185.76 	57.02 	1
190.16 	58.29 	1
195.18 	60.01 	0
201.94 	57.07 	0
205.37 	60.53 	0
209.49 	58.55 	0
215.99 	57.20 	0
219.13 	59.64 	0
225.96 	57.76 	0
230.65 	60.93 	0
234.45 	60.71 	0
242.59 	60.58 	0
247.66 	58.24 	0
252.48 	59.41 	0
257.09 	59.33 	0
261.29 	59.25 	0
266.12 	57.24 	0
271.97 	60.57 	1
275.52 	59.17 	1
395.02 	57.37 	1
195.45 	55.49 	1
200.45 	52.88 	1
205.83 	52.44 	1
209.13 	55.53 	0
215.69 	54.62 	0
221.99 	54.92 	0
225.60 	55.84 	0
231.47 	55.50 	0
236.35 	53.09 	0
239.41 	54.97 	0
244.11 	55.95 	0
249.98 	54.59 	0
255.49 	52.69 	1
262.62 	55.98 	1
264.08 	54.16 	1
389.08 	53.16 	1
210.48 	50.24 	1
217.25 	48.69 	1
221.66 	48.93 	1
224.00 	48.80 	1
230.05 	47.32 	1
236.34 	49.18 	1
241.76 	48.46 	1
246.35 	48.94 	1
250.50 	48.80 	1
389.12 	50.71 	1
387.61 	42.22 	1
4.18 	34.86 	1
66.26 	34.49 	1
124.07 	33.90 	1
187.61 	34.35 	1
245.16 	33.45 	1
307.66 	34.15 	1
366.83 	35.09 	1
426.73 	32.92 	1
484.34 	35.51 	1
547.80 	34.27 	1
606.22 	35.31 	1