133.11 248.63 1.00
132.84 243.96 1.00
131.64 238.42 1.00
130.25 233.57 1.00
128.56 228.06 1.00
126.41 223.38 1.00
124.84 218.30 1.00
122.21 213.46 1.00
120.40 208.21 1.00
117.50 203.16 1.00
114.84 198.34 1.00
110.64 193.79 1.00
107.80 188.37 1.00
103.02 184.54 1.00
100.60 180.88 1.00
96.16 177.75 1.00
93.78 173.44 1.00
88.50 169.66 1.00
84.06 166.36 1.00
79.74 163.15 1.00
74.53 160.58 1.00
69.59 158.46 1.00
64.15 155.90 1.00
59.13 153.44 1.00
54.06 152.62 1.00
49.74 150.06 1.00
44.23 150.64 1.00
47.69 149.81 1.00
52.99 149.40 1.00
57.88 147.25 1.00
62.95 147.12 1.00
67.97 145.68 1.00
72.14 143.90 1.00
78.00 142.77 1.00
82.54 139.20 1.00
87.55 137.24 1.00
92.91 134.86 1.00
97.86 132.29 1.00
101.11 129.42 1.00
106.67 125.71 1.00
110.96 122.95 1.00
115.45 117.18 1.00
120.29 113.40 1.00
124.25 108.29 1.00
127.57 103.09 1.00
130.70 99.28 1.00
134.56 94.59 1.00
136.07 89.30 1.00
139.79 84.52 1.00
140.76 79.83 1.00
142.44 74.54 1.00
143.33 69.56 1.00
144.14 72.45 1.00
145.46 77.83 1.00
146.72 82.06 1.00
148.92 87.66 1.00
150.78 92.44 1.00
152.72 97.01 1.00
154.03 102.33 1.00
156.55 107.16 1.00
159.04 111.88 1.00
162.56 115.76 1.00
165.39 120.39 1.00
168.48 125.23 1.00
172.65 129.72 1.00
175.60 133.71 1.00
179.49 137.75 1.00
183.14 140.76 1.00
188.09 144.99 1.00
193.16 148.23 1.00
198.83 151.43 1.00
203.28 154.46 1.00
208.04 156.06 1.00
213.51 157.49 1.00
218.38 159.11 1.00
223.02 160.09 1.00
224.25 161.51 1.00
219.69 163.14 1.00
214.67 164.27 1.00
209.51 165.47 1.00
204.62 167.92 1.00
199.41 170.40 1.00
194.35 172.14 1.00
189.84 175.50 1.00
184.24 177.86 1.00
179.38 180.09 1.00
175.48 183.02 1.00
170.45 187.21 1.00
165.89 191.81 1.00
160.14 195.00 1.00
156.85 199.75 1.00
153.43 203.52 1.00
150.43 208.38 1.00
146.54 213.06 1.00
143.83 218.66 1.00
141.43 223.69 1.00
138.91 228.69 1.00
136.24 233.87 1.00
135.96 238.84 1.00
134.59 243.23 1.00
437.30 473.83 1.00
436.04 468.04 1.00
434.70 463.96 1.00
432.07 458.58 1.00
430.49 453.27 1.00
427.31 448.99 1.00
423.88 443.54 1.00
419.43 438.53 1.00
415.83 434.52 1.00
410.76 431.06 1.00
405.59 428.47 1.00
400.62 426.99 1.00
395.73 424.78 1.00
392.25 424.58 1.00
397.49 423.52 1.00
402.23 422.90 1.00
407.81 420.70 1.00
412.19 418.78 1.00
417.16 415.63 1.00
422.31 412.12 1.00
427.38 408.50 1.00
432.97 403.92 1.00
436.33 398.41 1.00
438.60 393.24 1.00
441.12 388.18 1.00
442.34 383.36 1.00
443.61 386.83 1.00
444.28 391.28 1.00
446.81 396.14 1.00
448.72 401.19 1.00
451.66 406.23 1.00
455.36 411.80 1.00
459.45 416.60 1.00
464.08 421.44 1.00
469.62 424.12 1.00
474.75 426.07 1.00
479.72 429.04 1.00
482.80 430.60 1.00
477.71 431.09 1.00
472.81 433.19 1.00
467.41 435.00 1.00
462.95 438.44 1.00
457.90 441.48 1.00
452.72 446.33 1.00
448.71 450.74 1.00
444.86 455.78 1.00
441.91 460.57 1.00
439.13 465.48 1.00
437.00 470.46 1.00
438.00 457.00 0.00
435.00 451.00 0.00
437.00 452.00 0.00
441.00 451.00 0.00
432.00 446.00 0.00
437.00 447.00 0.00
440.00 446.00 0.00
445.00 449.00 0.00
430.00 443.00 0.00
435.00 442.00 0.00
438.00 445.00 0.00
441.00 442.00 0.00
445.00 442.00 0.00
448.00 445.00 0.00
452.00 442.00 0.00
424.00 439.00 0.00
428.00 441.00 0.00
432.00 441.00 0.00
438.00 439.00 0.00
441.00 441.00 0.00
445.00 438.00 0.00
451.00 439.00 0.00
453.00 440.00 0.00
424.00 437.00 0.00
428.00 435.00 0.00
435.00 436.00 0.00
438.00 437.00 0.00
443.00 434.00 0.00
446.00 436.00 0.00
451.00 436.00 0.00
452.00 435.00 0.00
457.00 435.00 0.00
419.00 432.00 0.00
421.00 433.00 0.00
424.00 433.00 0.00
431.00 431.00 0.00
435.00 433.00 0.00
437.00 431.00 0.00
460.00 363.00 0.00
142.00 87.00 0.00
143.00 89.00 0.00
442.00 397.00 0.00
63.00 150.00 0.00
67.00 150.00 0.00
140.00 93.00 0.00
440.00 432.00 0.00
450.00 360.00 0.00
446.00 433.00 0.00
451.00 431.00 0.00
454.00 432.00 0.00
458.00 433.00 0.00
461.00 430.00 0.00
467.00 431.00 0.00
468.00 431.00 0.00
412.00 426.00 0.00
416.00 428.00 0.00
421.00 427.00 0.00
426.00 428.00 0.00
431.00 427.00 0.00
432.00 428.00 0.00
436.00 427.00 0.00
443.00 427.00 0.00
446.00 428.00 0.00
448.00 426.00 0.00
452.00 427.00 0.00
458.00 427.00 0.00
461.00 428.00 0.00
466.00 429.00 0.00
469.00 429.00 0.00
409.00 425.00 0.00
413.00 423.00 0.00
417.00 422.00 0.00
422.00 424.00 0.00
424.00 422.00 0.00
430.00 425.00 0.00
435.00 423.00 0.00
438.00 424.00 0.00
443.00 424.00 0.00
446.00 422.00 0.00
450.00 422.00 0.00
455.00 423.00 0.00
457.00 424.00 0.00
418.00 420.00 0.00
423.00 420.00 0.00
424.00 418.00 0.00
431.00 421.00 0.00
435.00 420.00 0.00
439.00 421.00 0.00
440.00 420.00 0.00
445.00 421.00 0.00
450.00 421.00 0.00
453.00 418.00 0.00
423.00 417.00 0.00
427.00 414.00 0.00
430.00 415.00 0.00
435.00 414.00 0.00
436.00 416.00 0.00
443.00 415.00 0.00
445.00 416.00 0.00
448.00 415.00 0.00
454.00 416.00 0.00
432.00 410.00 0.00
439.00 410.00 0.00
443.00 413.00 0.00
444.00 413.00 0.00
448.00 412.00 0.00
436.00 407.00 0.00
443.00 408.00 0.00
446.00 409.00 0.00
439.00 404.00 0.00
442.00 405.00 0.00
446.00 405.00 0.00
444.00 400.00 0.00
132.00 226.00 0.00
135.00 224.00 0.00
137.00 222.00 0.00
130.00 220.00 0.00
133.00 219.00 0.00
136.00 221.00 0.00
130.00 215.00 0.00
135.00 215.00 0.00
137.00 215.00 0.00
127.00 213.00 0.00
129.00 211.00 0.00
135.00 210.00 0.00
136.00 212.00 0.00
141.00 210.00 0.00
126.00 209.00 0.00
131.00 209.00 0.00
135.00 208.00 0.00
139.00 206.00 0.00
140.00 208.00 0.00
145.00 208.00 0.00
126.00 203.00 0.00
128.00 205.00 0.00
132.00 205.00 0.00
137.00 202.00 0.00
142.00 204.00 0.00
144.00 203.00 0.00
149.00 204.00 0.00
122.00 200.00 0.00
126.00 201.00 0.00
129.00 200.00 0.00
133.00 199.00 0.00
139.00 199.00 0.00
140.00 201.00 0.00
147.00 200.00 0.00
149.00 198.00 0.00
123.00 195.00 0.00
126.00 195.00 0.00
130.00 197.00 0.00
135.00 196.00 0.00
139.00 197.00 0.00
142.00 197.00 0.00
146.00 194.00 0.00
151.00 197.00 0.00
153.00 197.00 0.00
114.00 190.00 0.00
118.00 190.00 0.00
120.00 190.00 0.00
125.00 193.00 0.00
130.00 190.00 0.00
134.00 192.00 0.00
137.00 191.00 0.00
141.00 190.00 0.00
147.00 192.00 0.00
149.00 191.00 0.00
152.00 193.00 0.00
156.00 193.00 0.00
162.00 190.00 0.00
113.00 188.00 0.00
119.00 188.00 0.00
121.00 187.00 0.00
127.00 187.00 0.00
128.00 187.00 0.00
134.00 189.00 0.00
137.00 188.00 0.00
141.00 187.00 0.00
146.00 187.00 0.00
150.00 187.00 0.00
154.00 188.00 0.00
159.00 188.00 0.00
163.00 186.00 0.00
165.00 187.00 0.00
110.00 183.00 0.00
113.00 185.00 0.00
118.00 185.00 0.00
120.00 185.00 0.00
127.00 182.00 0.00
129.00 183.00 0.00
133.00 184.00 0.00
136.00 184.00 0.00
142.00 184.00 0.00
146.00 183.00 0.00
151.00 182.00 0.00
154.00 183.00 0.00
157.00 185.00 0.00
163.00 183.00 0.00
165.00 185.00 0.00
105.00 180.00 0.00
110.00 179.00 0.00
112.00 179.00 0.00
118.00 180.00 0.00
121.00 181.00 0.00
127.00 181.00 0.00
130.00 181.00 0.00
133.00 181.00 0.00
136.00 181.00 0.00
142.00 178.00 0.00
145.00 181.00 0.00
149.00 180.00 0.00
154.00 178.00 0.00
158.00 178.00 0.00
161.00 181.00 0.00
164.00 180.00 0.00
168.00 178.00 0.00
172.00 179.00 0.00
100.00 176.00 0.00
104.00 177.00 0.00
111.00 176.00 0.00
114.00 174.00 0.00
119.00 176.00 0.00
123.00 175.00 0.00
127.00 174.00 0.00
131.00 174.00 0.00
133.00 176.00 0.00
136.00 177.00 0.00
142.00 175.00 0.00
144.00 176.00 0.00
148.00 174.00 0.00
153.00 176.00 0.00
159.00 177.00 0.00
163.00 177.00 0.00
167.00 177.00 0.00
169.00 176.00 0.00
172.00 175.00 0.00
176.00 174.00 0.00
180.00 174.00 0.00
98.00 173.00 0.00
102.00 170.00 0.00
104.00 172.00 0.00
110.00 172.00 0.00
112.00 173.00 0.00
116.00 172.00 0.00
123.00 171.00 0.00
127.00 172.00 0.00
131.00 173.00 0.00
135.00 170.00 0.00
137.00 170.00 0.00
143.00 170.00 0.00
144.00 172.00 0.00
150.00 170.00 0.00
155.00 171.00 0.00
158.00 170.00 0.00
162.00 171.00 0.00
166.00 171.00 0.00
168.00 170.00 0.00
172.00 170.00 0.00
178.00 173.00 0.00
183.00 173.00 0.00
187.00 171.00 0.00
190.00 170.00 0.00
92.00 167.00 0.00
97.00 166.00 0.00
100.00 166.00 0.00
106.00 169.00 0.00
109.00 169.00 0.00
112.00 167.00 0.00
117.00 167.00 0.00
120.00 167.00 0.00
127.00 169.00 0.00
130.00 167.00 0.00
133.00 167.00 0.00
138.00 169.00 0.00
140.00 168.00 0.00
145.00 168.00 0.00
148.00 166.00 0.00
154.00 169.00 0.00
157.00 169.00 0.00
162.00 167.00 0.00
166.00 167.00 0.00
168.00 168.00 0.00
173.00 168.00 0.00
179.00 166.00 0.00
180.00 168.00 0.00
184.00 169.00 0.00
188.00 168.00 0.00
193.00 166.00 0.00
88.00 163.00 0.00
93.00 163.00 0.00
96.00 162.00 0.00
100.00 162.00 0.00
105.00 164.00 0.00
109.00 163.00 0.00
113.00 162.00 0.00
116.00 165.00 0.00
121.00 165.00 0.00
125.00 164.00 0.00
131.00 165.00 0.00
133.00 164.00 0.00
136.00 165.00 0.00
143.00 163.00 0.00
147.00 163.00 0.00
151.00 163.00 0.00
153.00 162.00 0.00
157.00 164.00 0.00
161.00 163.00 0.00
166.00 163.00 0.00
170.00 164.00 0.00
173.00 163.00 0.00
176.00 163.00 0.00
180.00 163.00 0.00
185.00 164.00 0.00
191.00 163.00 0.00
192.00 164.00 0.00
199.00 162.00 0.00
202.00 164.00 0.00
205.00 162.00 0.00
87.00 159.00 0.00
88.00 161.00 0.00
94.00 158.00 0.00
99.00 158.00 0.00
102.00 159.00 0.00
107.00 159.00 0.00
109.00 160.00 0.00
114.00 158.00 0.00
118.00 161.00 0.00
122.00 160.00 0.00
127.00 161.00 0.00
130.00 160.00 0.00
133.00 160.00 0.00
139.00 160.00 0.00
140.00 160.00 0.00
144.00 158.00 0.00
149.00 159.00 0.00
152.00 158.00 0.00
159.00 161.00 0.00
163.00 161.00 0.00
164.00 158.00 0.00
171.00 159.00 0.00
172.00 159.00 0.00
178.00 160.00 0.00
182.00 159.00 0.00
185.00 161.00 0.00
190.00 161.00 0.00
194.00 158.00 0.00
196.00 161.00 0.00
201.00 158.00 0.00
207.00 160.00 0.00
75.00 156.00 0.00
78.00 155.00 0.00
82.00 157.00 0.00
85.00 154.00 0.00
90.00 154.00 0.00
92.00 157.00 0.00
96.00 155.00 0.00
102.00 154.00 0.00
104.00 156.00 0.00
111.00 156.00 0.00
114.00 156.00 0.00
119.00 155.00 0.00
120.00 156.00 0.00
125.00 156.00 0.00
130.00 154.00 0.00
132.00 155.00 0.00
137.00 156.00 0.00
143.00 154.00 0.00
146.00 154.00 0.00
149.00 156.00 0.00
154.00 156.00 0.00
159.00 155.00 0.00
163.00 157.00 0.00
165.00 156.00 0.00
168.00 155.00 0.00
172.00 155.00 0.00
177.00 157.00 0.00
182.00 157.00 0.00
187.00 157.00 0.00
189.00 155.00 0.00
195.00 157.00 0.00
70.00 151.00 0.00
73.00 150.00 0.00
78.00 150.00 0.00
83.00 152.00 0.00
85.00 153.00 0.00
89.00 153.00 0.00
93.00 152.00 0.00
96.00 153.00 0.00
102.00 151.00 0.00
105.00 153.00 0.00
108.00 150.00 0.00
114.00 150.00 0.00
118.00 152.00 0.00
120.00 153.00 0.00
126.00 150.00 0.00
131.00 153.00 0.00
133.00 151.00 0.00
136.00 151.00 0.00
140.00 151.00 0.00
147.00 153.00 0.00
150.00 150.00 0.00
153.00 150.00 0.00
158.00 152.00 0.00
160.00 153.00 0.00
165.00 150.00 0.00
170.00 150.00 0.00
174.00 151.00 0.00
179.00 151.00 0.00
180.00 150.00 0.00
187.00 153.00 0.00
75.00 149.00 0.00
79.00 147.00 0.00
82.00 147.00 0.00
84.00 147.00 0.00
90.00 147.00 0.00
95.00 146.00 0.00
99.00 147.00 0.00
101.00 149.00 0.00
104.00 149.00 0.00
109.00 146.00 0.00
112.00 146.00 0.00
118.00 148.00 0.00
120.00 146.00 0.00
124.00 148.00 0.00
131.00 147.00 0.00
134.00 147.00 0.00
136.00 149.00 0.00
140.00 147.00 0.00
147.00 149.00 0.00
149.00 148.00 0.00
154.00 148.00 0.00
159.00 147.00 0.00
161.00 149.00 0.00
165.00 148.00 0.00
171.00 146.00 0.00
173.00 146.00 0.00
177.00 148.00 0.00
180.00 148.00 0.00
89.00 145.00 0.00
92.00 144.00 0.00
99.00 142.00 0.00
102.00 143.00 0.00
107.00 143.00 0.00
109.00 145.00 0.00
113.00 143.00 0.00
117.00 145.00 0.00
121.00 145.00 0.00
127.00 145.00 0.00
130.00 143.00 0.00
132.00 143.00 0.00
137.00 142.00 0.00
141.00 143.00 0.00
147.00 144.00 0.00
148.00 144.00 0.00
152.00 143.00 0.00
156.00 143.00 0.00
161.00 145.00 0.00
164.00 145.00 0.00
171.00 144.00 0.00
172.00 144.00 0.00
177.00 142.00 0.00
92.00 141.00 0.00
96.00 141.00 0.00
101.00 141.00 0.00
105.00 139.00 0.00
108.00 139.00 0.00
113.00 141.00 0.00
119.00 140.00 0.00
122.00 138.00 0.00
127.00 139.00 0.00
130.00 139.00 0.00
133.00 141.00 0.00
136.00 141.00 0.00
141.00 140.00 0.00
147.00 140.00 0.00
148.00 140.00 0.00
155.00 141.00 0.00
156.00 139.00 0.00
161.00 138.00 0.00
164.00 140.00 0.00
169.00 139.00 0.00
172.00 139.00 0.00
177.00 141.00 0.00
102.00 134.00 0.00
107.00 136.00 0.00
110.00 136.00 0.00
112.00 137.00 0.00
116.00 135.00 0.00
122.00 134.00 0.00
125.00 134.00 0.00
130.00 135.00 0.00
133.00 134.00 0.00
137.00 134.00 0.00
142.00 134.00 0.00
146.00 136.00 0.00
150.00 136.00 0.00
154.00 137.00 0.00
158.00 137.00 0.00
162.00 136.00 0.00
164.00 135.00 0.00
171.00 136.00 0.00
110.00 130.00 0.00
113.00 131.00 0.00
116.00 130.00 0.00
122.00 132.00 0.00
127.00 130.00 0.00
130.00 133.00 0.00
134.00 133.00 0.00
138.00 132.00 0.00
143.00 133.00 0.00
147.00 131.00 0.00
148.00 131.00 0.00
153.00 132.00 0.00
157.00 130.00 0.00
160.00 132.00 0.00
165.00 133.00 0.00
110.00 128.00 0.00
112.00 128.00 0.00
116.00 126.00 0.00
121.00 126.00 0.00
125.00 128.00 0.00
128.00 128.00 0.00
132.00 127.00 0.00
136.00 128.00 0.00
142.00 127.00 0.00
144.00 128.00 0.00
149.00 129.00 0.00
155.00 126.00 0.00
159.00 127.00 0.00
162.00 127.00 0.00
166.00 129.00 0.00
118.00 123.00 0.00
120.00 125.00 0.00
125.00 125.00 0.00
129.00 123.00 0.00
135.00 125.00 0.00
139.00 124.00 0.00
140.00 125.00 0.00
144.00 124.00 0.00
151.00 122.00 0.00
154.00 122.00 0.00
158.00 124.00 0.00
162.00 124.00 0.00
123.00 119.00 0.00
125.00 121.00 0.00
128.00 118.00 0.00
132.00 120.00 0.00
139.00 121.00 0.00
140.00 121.00 0.00
145.00 118.00 0.00
148.00 118.00 0.00
153.00 119.00 0.00
157.00 121.00 0.00
124.00 115.00 0.00
128.00 116.00 0.00
133.00 114.00 0.00
138.00 115.00 0.00
140.00 114.00 0.00
147.00 115.00 0.00
149.00 116.00 0.00
152.00 114.00 0.00
156.00 115.00 0.00
130.00 112.00 0.00
133.00 113.00 0.00
136.00 113.00 0.00
141.00 112.00 0.00
147.00 110.00 0.00
150.00 110.00 0.00
155.00 111.00 0.00
130.00 109.00 0.00
133.00 106.00 0.00
139.00 107.00 0.00
141.00 109.00 0.00
146.00 106.00 0.00
150.00 108.00 0.00
135.00 105.00 0.00
136.00 103.00 0.00
142.00 105.00 0.00
147.00 104.00 0.00
148.00 104.00 0.00
136.00 100.00 0.00
140.00 100.00 0.00
147.00 100.00 0.00
148.00 98.00 0.00
143.00 95.00 0.00
146.00 95.00 0.00
517.00 380.00 1.00
499.00 378.00 1.00
479.00 376.00 1.00
459.00 374.00 1.00
437.00 369.00 1.00
419.00 362.00 1.00
397.00 354.00 1.00
379.00 346.00 1.00
357.00 337.00 1.00
337.00 324.00 1.00
319.00 305.00 1.00
300.00 287.00 1.00
288.00 267.00 1.00
282.00 245.00 1.00
279.00 227.00 1.00
278.00 207.00 1.00
283.00 185.00 1.00
292.00 167.00 1.00
306.00 147.00 1.00
327.00 128.00 1.00
347.00 110.00 1.00
365.00 100.00 1.00
385.00 88.00 1.00
405.00 83.00 1.00
425.00 76.00 1.00
447.00 71.00 1.00
467.00 64.00 1.00
487.00 63.00 1.00
507.00 59.00 1.00
527.00 60.00 1.00
539.00 60.00 1.00
519.00 70.00 1.00
499.00 84.00 1.00
479.00 99.00 1.00
459.00 114.00 1.00
442.00 136.00 1.00
428.00 156.00 1.00
417.00 176.00 1.00
413.00 194.00 1.00
409.00 216.00 1.00
410.00 234.00 1.00
414.00 254.00 1.00
421.00 276.00 1.00
435.00 296.00 1.00
448.00 314.00 1.00
470.00 334.00 1.00
490.00 350.00 1.00
508.00 365.00 1.00
528.00 376.00 1.00
536.00 380.00 1.00
437.00 353.00 0.00
473.00 352.00 0.00
411.00 342.00 0.00
419.00 344.00 0.00
440.00 350.00 0.00
455.00 342.00 0.00
367.00 327.00 0.00
413.00 326.00 0.00
417.00 322.00 0.00
445.00 328.00 0.00
344.00 307.00 0.00
363.00 310.00 0.00
384.00 320.00 0.00
413.00 316.00 0.00
429.00 313.00 0.00
436.00 312.00 0.00
349.00 298.00 0.00
372.00 295.00 0.00
389.00 300.00 0.00
407.00 298.00 0.00
419.00 302.00 0.00
319.00 278.00 0.00
334.00 287.00 0.00
344.00 290.00 0.00
377.00 282.00 0.00
389.00 282.00 0.00
403.00 289.00 0.00
316.00 276.00 0.00
331.00 276.00 0.00
348.00 273.00 0.00
362.00 270.00 0.00
381.00 268.00 0.00
412.00 267.00 0.00
320.00 250.00 0.00
327.00 247.00 0.00
345.00 248.00 0.00
368.00 249.00 0.00
392.00 259.00 0.00
301.00 235.00 0.00
316.00 239.00 0.00
341.00 234.00 0.00
342.00 239.00 0.00
373.00 241.00 0.00
387.00 241.00 0.00
310.00 229.00 0.00
335.00 224.00 0.00
355.00 228.00 0.00
366.00 222.00 0.00
395.00 226.00 0.00
401.00 226.00 0.00
302.00 209.00 0.00
314.00 206.00 0.00
335.00 204.00 0.00
348.00 215.00 0.00
362.00 212.00 0.00
385.00 214.00 0.00
305.00 196.00 0.00
309.00 191.00 0.00
328.00 199.00 0.00
345.00 188.00 0.00
364.00 193.00 0.00
392.00 196.00 0.00
313.00 172.00 0.00
340.00 176.00 0.00
359.00 175.00 0.00
372.00 172.00 0.00
392.00 176.00 0.00
406.00 183.00 0.00
319.00 163.00 0.00
331.00 167.00 0.00
343.00 168.00 0.00
364.00 162.00 0.00
386.00 169.00 0.00
403.00 158.00 0.00
305.00 167.00 0.00
308.00 220.00 0.00
290.00 230.00 0.00
300.00 260.00 0.00
398.00 320.00 0.00
435.00 85.00 0.00
375.00 195.00 0.00
500.00 70.00 0.00
485.00 360.00 0.00
290.00 190.00 0.00
323.00 147.00 0.00
430.00 330.00 0.00
330.00 150.00 0.00
358.00 143.00 0.00
363.00 151.00 0.00
390.00 151.00 0.00
407.00 153.00 0.00
427.00 142.00 0.00
339.00 129.00 0.00
351.00 128.00 0.00
360.00 132.00 0.00
383.00 139.00 0.00
407.00 139.00 0.00
417.00 137.00 0.00
359.00 116.00 0.00
369.00 119.00 0.00
390.00 126.00 0.00
413.00 122.00 0.00
427.00 118.00 0.00
433.00 119.00 0.00
385.00 106.00 0.00
402.00 109.00 0.00
414.00 102.00 0.00
446.00 97.00 0.00
455.00 100.00 0.00
421.00 93.00 0.00
446.00 96.00 0.00
464.00 86.00 0.00
479.00 83.00 0.00
487.00 83.00 0.00
460.00 79.00 0.00
480.00 74.00 0.00
188.00 444.00 1.00
188.00 439.00 1.00
184.00 432.00 1.00
181.00 423.00 1.00
180.00 418.00 1.00
177.00 411.00 1.00
173.00 404.00 1.00
168.00 397.00 1.00
161.00 390.00 1.00
158.00 383.00 1.00
152.00 380.00 1.00
143.00 374.00 1.00
138.00 368.00 1.00
131.00 365.00 1.00
124.00 361.00 1.00
117.00 362.00 1.00
113.00 358.00 1.00
120.00 358.00 1.00
127.00 355.00 1.00
134.00 352.00 1.00
141.00 352.00 1.00
148.00 346.00 1.00
155.00 344.00 1.00
162.00 338.00 1.00
167.00 333.00 1.00
174.00 329.00 1.00
181.00 322.00 1.00
184.00 315.00 1.00
188.00 309.00 1.00
191.00 302.00 1.00
194.00 297.00 1.00
198.00 288.00 1.00
199.00 290.00 1.00
199.00 299.00 1.00
204.00 304.00 1.00
206.00 313.00 1.00
207.00 320.00 1.00
213.00 325.00 1.00
217.00 334.00 1.00
220.00 338.00 1.00
227.00 346.00 1.00
232.00 351.00 1.00
239.00 354.00 1.00
244.00 359.00 1.00
253.00 362.00 1.00
258.00 365.00 1.00
267.00 368.00 1.00
270.00 368.00 1.00
263.00 370.00 1.00
256.00 372.00 1.00
249.00 377.00 1.00
242.00 377.00 1.00
235.00 381.00 1.00
230.00 385.00 1.00
222.00 390.00 1.00
217.00 396.00 1.00
210.00 403.00 1.00
207.00 407.00 1.00
202.00 414.00 1.00
196.00 422.00 1.00
194.00 429.00 1.00
192.00 436.00 1.00
188.00 443.00 1.00
190.00 420.00 0.00
187.00 412.00 0.00
182.00 406.00 0.00
188.00 408.00 0.00
199.00 406.00 0.00
200.00 404.00 0.00
190.00 398.00 0.00
198.00 397.00 0.00
202.00 399.00 0.00
168.00 391.00 0.00
183.00 392.00 0.00
186.00 390.00 0.00
198.00 394.00 0.00
207.00 391.00 0.00
173.00 383.00 0.00
140.00 360.00 0.00
150.00 358.00 0.00
132.00 360.00 0.00
185.00 330.00 0.00
187.00 320.00 0.00
207.00 357.00 0.00
165.00 380.00 0.00
178.00 395.00 0.00
190.00 428.00 0.00
195.00 412.00 0.00
247.00 367.00 0.00
210.00 333.00 0.00
222.00 350.00 0.00
215.00 388.00 0.00
227.00 380.00 0.00
230.00 358.00 0.00
170.00 340.00 0.00
202.00 322.00 0.00
193.00 310.00 0.00
182.00 385.00 0.00
190.00 389.00 0.00
194.00 388.00 0.00
206.00 386.00 0.00
212.00 383.00 0.00
173.00 376.00 0.00
180.00 379.00 0.00
190.00 382.00 0.00
198.00 379.00 0.00
207.00 382.00 0.00
215.00 377.00 0.00
222.00 377.00 0.00
149.00 370.00 0.00
155.00 372.00 0.00
164.00 371.00 0.00
173.00 370.00 0.00
178.00 375.00 0.00
189.00 373.00 0.00
199.00 369.00 0.00
206.00 371.00 0.00
209.00 371.00 0.00
219.00 373.00 0.00
227.00 369.00 0.00
237.00 370.00 0.00
146.00 368.00 0.00
156.00 364.00 0.00
160.00 368.00 0.00
174.00 363.00 0.00
179.00 363.00 0.00
186.00 367.00 0.00
196.00 365.00 0.00
207.00 368.00 0.00
212.00 364.00 0.00
222.00 362.00 0.00
229.00 366.00 0.00
239.00 367.00 0.00
154.00 361.00 0.00
161.00 360.00 0.00
170.00 357.00 0.00
182.00 358.00 0.00
189.00 356.00 0.00
192.00 358.00 0.00
200.00 356.00 0.00
214.00 360.00 0.00
219.00 358.00 0.00
224.00 359.00 0.00
152.00 351.00 0.00
171.00 349.00 0.00
183.00 349.00 0.00
189.00 352.00 0.00
192.00 351.00 0.00
200.00 349.00 0.00
213.00 350.00 0.00
161.00 347.00 0.00
175.00 347.00 0.00
178.00 343.00 0.00
187.00 342.00 0.00
194.00 345.00 0.00
207.00 345.00 0.00
214.00 347.00 0.00
178.00 337.00 0.00
187.00 340.00 0.00
195.00 337.00 0.00
200.00 340.00 0.00
195.00 329.00 0.00
203.00 331.00 0.00
196.00 326.00 0.00
195.00 318.00 0.00
199.00 309.00 0.00
