409.54 188.88 1.00
405.97 179.21 1.00
402.90 170.11 1.00
400.19 161.95 1.00
393.88 153.25 1.00
384.98 158.02 1.00
376.57 164.34 1.00
367.24 161.55 1.00
362.23 152.59 1.00
364.48 143.93 1.00
374.00 138.93 1.00
382.82 140.98 1.00
390.53 135.73 1.00
389.21 126.11 1.00
386.48 117.08 1.00
383.46 108.04 1.00
383.54 99.86 1.00
392.59 96.79 1.00
401.04 94.40 1.00
410.81 91.92 1.00
419.05 93.13 1.00
417.25 102.19 1.00
419.13 111.65 1.00
427.66 118.40 1.00
436.04 117.50 1.00
444.75 109.05 1.00
444.35 100.84 1.00
436.15 92.92 1.00
436.84 83.54 1.00
445.62 80.72 1.00
454.58 77.73 1.00
463.85 75.98 1.00
471.97 77.02 1.00
474.55 86.88 1.00
476.26 95.19 1.00
479.50 104.41 1.00
487.53 110.49 1.00
495.46 102.88 1.00
504.31 99.70 1.00
513.28 104.22 1.00
516.89 113.65 1.00
511.30 122.20 1.00
502.87 124.54 1.00
493.20 123.41 1.00
487.73 130.00 1.00
490.14 139.73 1.00
493.54 148.36 1.00
495.36 157.57 1.00
491.75 163.92 1.00
482.43 166.54 1.00
473.17 169.51 1.00
464.37 171.98 1.00
458.11 167.24 1.00
460.91 158.12 1.00
457.95 149.58 1.00
448.23 144.45 1.00
439.06 146.65 1.00
432.31 155.83 1.00
434.32 164.21 1.00
442.94 173.51 1.00
438.22 179.86 1.00
429.44 182.02 1.00
420.93 185.83 1.00
411.69 188.36 1.00
493.89 371.94 1.00
484.41 366.12 1.00
475.44 361.70 1.00
466.33 356.79 1.00
463.49 349.00 1.00
472.58 343.58 1.00
476.90 334.96 1.00
473.28 325.84 1.00
464.22 320.13 1.00
455.35 322.50 1.00
449.41 331.62 1.00
450.35 340.28 1.00
442.51 344.23 1.00
433.03 339.13 1.00
424.79 334.24 1.00
415.28 329.90 1.00
418.46 320.60 1.00
423.83 311.18 1.00
428.46 302.01 1.00
428.27 293.26 1.00
419.12 290.06 1.00
410.49 289.33 1.00
404.67 280.49 1.00
407.00 271.04 1.00
415.87 265.79 1.00
424.09 267.56 1.00
430.90 276.94 1.00
439.17 278.64 1.00
445.14 270.41 1.00
450.05 261.97 1.00
455.38 252.65 1.00
462.30 249.19 1.00
471.03 254.12 1.00
480.79 258.77 1.00
489.72 264.55 1.00
485.97 272.88 1.00
477.84 279.96 1.00
476.78 288.30 1.00
483.83 297.56 1.00
492.27 298.01 1.00
501.55 293.42 1.00
503.63 284.02 1.00
504.82 275.14 1.00
513.64 276.30 1.00
522.32 281.36 1.00
531.49 285.99 1.00
538.42 292.03 1.00
533.72 301.04 1.00
529.85 310.46 1.00
524.20 319.85 1.00
525.18 328.17 1.00
534.01 329.08 1.00
543.58 331.43 1.00
548.26 340.53 1.00
545.97 349.37 1.00
537.17 354.98 1.00
528.91 352.72 1.00
522.65 344.59 1.00
514.25 341.59 1.00
508.28 349.77 1.00
503.33 358.48 1.00
498.10 367.46 1.00
97.88 434.83 1.00
88.46 431.72 1.00
79.65 423.35 1.00
75.73 414.67 1.00
74.11 405.54 1.00
75.84 396.09 1.00
79.20 387.81 1.00
85.80 378.29 1.00
94.27 371.26 1.00
96.32 362.09 1.00
95.07 353.73 1.00
94.60 344.94 1.00
96.54 335.78 1.00
98.16 326.46 1.00
102.50 317.09 1.00
107.53 308.78 1.00
114.51 299.04 1.00
122.17 290.10 1.00
114.46 285.75 1.00
105.27 277.69 1.00
97.24 268.44 1.00
88.55 259.89 1.00
79.10 250.34 1.00
71.80 241.85 1.00
62.07 232.08 1.00
54.79 223.30 1.00
45.19 214.36 1.00
39.12 205.21 1.00
36.95 196.68 1.00
36.42 187.15 1.00
39.11 178.93 1.00
45.77 169.15 1.00
54.25 163.75 1.00
63.82 161.35 1.00
72.96 161.57 1.00
82.00 164.35 1.00
90.01 171.76 1.00
96.78 170.60 1.00
98.69 161.88 1.00
100.93 152.26 1.00
104.47 143.98 1.00
103.83 134.31 1.00
100.30 125.32 1.00
96.42 116.00 1.00
93.07 107.07 1.00
90.95 98.62 1.00
86.32 89.14 1.00
83.63 80.52 1.00
80.77 71.19 1.00
77.16 62.90 1.00
76.66 53.76 1.00
76.08 44.08 1.00
79.64 35.13 1.00
85.28 26.30 1.00
94.93 19.39 1.00
103.21 15.52 1.00
112.55 13.77 1.00
121.74 13.21 1.00
130.09 15.63 1.00
139.61 22.00 1.00
147.51 29.58 1.00
152.74 38.42 1.00
155.88 47.31 1.00
159.76 56.75 1.00
162.63 65.31 1.00
165.30 74.69 1.00
169.57 83.16 1.00
175.90 89.81 1.00
184.35 88.12 1.00
193.53 88.64 1.00
202.64 89.52 1.00
208.69 82.28 1.00
211.34 73.48 1.00
214.96 64.47 1.00
218.35 55.13 1.00
221.97 46.62 1.00
224.71 37.21 1.00
229.62 28.26 1.00
238.17 20.57 1.00
247.17 15.67 1.00
256.37 13.24 1.00
265.71 13.02 1.00
274.35 15.97 1.00
283.57 19.31 1.00
291.32 27.81 1.00
297.34 36.28 1.00
300.22 45.07 1.00
300.07 54.87 1.00
299.70 63.70 1.00
296.54 72.52 1.00
292.98 81.21 1.00
289.23 90.55 1.00
286.34 99.56 1.00
282.50 108.10 1.00
279.82 117.67 1.00
276.16 126.42 1.00
272.76 135.15 1.00
272.20 144.60 1.00
276.53 153.66 1.00
279.52 162.26 1.00
280.50 171.34 1.00
287.98 170.15 1.00
296.37 163.54 1.00
305.45 161.66 1.00
314.53 161.73 1.00
323.92 163.21 1.00
332.97 170.88 1.00
338.99 179.32 1.00
340.79 188.31 1.00
340.47 197.51 1.00
336.97 206.83 1.00
329.49 215.07 1.00
321.53 224.63 1.00
312.68 233.56 1.00
304.36 242.42 1.00
295.19 251.33 1.00
287.22 260.06 1.00
278.60 269.48 1.00
270.61 278.95 1.00
261.98 286.69 1.00
254.44 291.26 1.00
263.60 300.19 1.00
270.28 309.62 1.00
275.23 318.54 1.00
278.62 327.82 1.00
280.13 336.71 1.00
281.88 345.02 1.00
281.82 354.97 1.00
279.69 363.04 1.00
283.46 371.60 1.00
292.06 379.58 1.00
298.67 388.82 1.00
301.56 397.69 1.00
302.47 406.70 1.00
300.97 415.88 1.00
296.67 424.31 1.00
287.35 431.31 1.00
278.06 434.62 1.00
269.06 434.57 1.00
260.43 432.62 1.00
251.43 427.51 1.00
242.09 419.59 1.00
233.88 416.51 1.00
224.30 420.78 1.00
215.27 423.22 1.00
206.27 425.75 1.00
197.50 426.21 1.00
188.82 426.56 1.00
180.00 426.35 1.00
170.42 425.67 1.00
161.22 423.80 1.00
152.61 420.52 1.00
143.38 417.94 1.00
135.37 418.20 1.00
126.16 426.30 1.00
117.09 431.83 1.00
108.87 434.64 1.00
99.91 434.53 1.00
179.86 346.71 1.00
188.11 347.89 1.00
197.83 346.80 1.00
206.81 343.33 1.00
215.58 337.04 1.00
222.24 328.77 1.00
224.03 319.86 1.00
223.71 310.58 1.00
219.37 301.74 1.00
210.30 293.04 1.00
201.46 288.09 1.00
192.38 286.41 1.00
183.55 286.92 1.00
174.57 289.68 1.00
165.61 293.21 1.00
156.17 302.31 1.00
152.25 311.57 1.00
152.15 320.10 1.00
155.01 329.59 1.00
162.47 338.89 1.00
171.40 344.90 1.00
175.76 331.79 1.00
171.30 323.74 1.00
180.28 314.29 1.00
189.88 310.50 1.00
198.47 316.46 1.00
205.99 325.49 1.00
199.60 331.32 1.00
190.78 331.89 1.00
181.63 331.68 1.00
218.15 384.68 1.00
227.11 383.55 1.00
234.40 375.84 1.00
234.26 366.48 1.00
228.95 358.74 1.00
219.20 356.64 1.00
210.14 361.55 1.00
207.99 370.16 1.00
210.63 379.71 1.00
152.99 384.47 1.00
161.03 383.21 1.00
167.01 374.61 1.00
167.29 365.58 1.00
160.01 357.88 1.00
151.76 356.71 1.00
142.66 362.90 1.00
140.28 371.92 1.00
144.34 380.14 1.00
355.00 170.00 1.00
345.00 165.00 1.00
93.00 428.00 0.00
103.00 427.00 0.00
250.00 418.00 0.00
165.00 350.00 0.00
175.00 365.00 0.00
155.00 340.00 0.00
268.00 428.00 0.00
281.00 429.00 0.00
91.00 419.00 0.00
105.00 422.00 0.00
114.00 418.00 0.00
126.00 420.00 0.00
159.00 418.00 0.00
172.00 419.00 0.00
182.00 420.00 0.00
192.00 419.00 0.00
202.00 418.00 0.00
214.00 417.00 0.00
258.00 419.00 0.00
269.00 421.00 0.00
279.00 419.00 0.00
291.00 420.00 0.00
80.00 412.00 0.00
93.00 410.00 0.00
105.00 409.00 0.00
112.00 412.00 0.00
127.00 410.00 0.00
137.00 411.00 0.00
148.00 410.00 0.00
160.00 410.00 0.00
170.00 411.00 0.00
180.00 410.00 0.00
192.00 411.00 0.00
203.00 410.00 0.00
212.00 411.00 0.00
223.00 410.00 0.00
236.00 408.00 0.00
246.00 409.00 0.00
257.00 410.00 0.00
268.00 411.00 0.00
279.00 412.00 0.00
290.00 408.00 0.00
82.00 401.00 0.00
94.00 402.00 0.00
104.00 401.00 0.00
115.00 402.00 0.00
126.00 402.00 0.00
136.00 402.00 0.00
147.00 403.00 0.00
158.00 400.00 0.00
171.00 401.00 0.00
181.00 402.00 0.00
191.00 403.00 0.00
202.00 403.00 0.00
213.00 402.00 0.00
225.00 401.00 0.00
235.00 401.00 0.00
247.00 402.00 0.00
257.00 403.00 0.00
271.00 401.00 0.00
280.00 402.00 0.00
291.00 402.00 0.00
81.00 396.00 0.00
92.00 393.00 0.00
102.00 393.00 0.00
112.00 390.00 0.00
124.00 394.00 0.00
137.00 392.00 0.00
147.00 392.00 0.00
158.00 393.00 0.00
168.00 394.00 0.00
181.00 392.00 0.00
191.00 394.00 0.00
201.00 392.00 0.00
213.00 392.00 0.00
226.00 393.00 0.00
235.00 393.00 0.00
247.00 393.00 0.00
257.00 392.00 0.00
268.00 392.00 0.00
280.00 392.00 0.00
289.00 393.00 0.00
93.00 384.00 0.00
106.00 385.00 0.00
116.00 384.00 0.00
126.00 385.00 0.00
137.00 384.00 0.00
170.00 385.00 0.00
180.00 383.00 0.00
192.00 383.00 0.00
201.00 382.00 0.00
236.00 383.00 0.00
246.00 384.00 0.00
259.00 383.00 0.00
268.00 383.00 0.00
278.00 386.00 0.00
87.00 388.00 0.00
103.00 374.00 0.00
114.00 376.00 0.00
127.00 374.00 0.00
135.00 374.00 0.00
178.00 375.00 0.00
192.00 375.00 0.00
202.00 374.00 0.00
244.00 376.00 0.00
257.00 376.00 0.00
270.00 373.00 0.00
102.00 366.00 0.00
114.00 364.00 0.00
126.00 363.00 0.00
135.00 366.00 0.00
182.00 366.00 0.00
191.00 366.00 0.00
202.00 365.00 0.00
246.00 365.00 0.00
258.00 366.00 0.00
269.00 366.00 0.00
102.00 357.00 0.00
115.00 357.00 0.00
124.00 358.00 0.00
137.00 357.00 0.00
169.00 356.00 0.00
181.00 356.00 0.00
190.00 358.00 0.00
204.00 357.00 0.00
235.00 355.00 0.00
244.00 360.00 0.00
259.00 357.00 0.00
268.00 356.00 0.00
489.00 359.00 0.00
103.00 345.00 0.00
113.00 347.00 0.00
124.00 349.00 0.00
137.00 348.00 0.00
147.00 348.00 0.00
158.00 348.00 0.00
214.00 348.00 0.00
223.00 346.00 0.00
237.00 346.00 0.00
245.00 347.00 0.00
258.00 347.00 0.00
270.00 349.00 0.00
479.00 347.00 0.00
488.00 348.00 0.00
500.00 348.00 0.00
531.00 347.00 0.00
102.00 338.00 0.00
114.00 340.00 0.00
127.00 339.00 0.00
137.00 339.00 0.00
147.00 339.00 0.00
224.00 338.00 0.00
235.00 339.00 0.00
246.00 340.00 0.00
260.00 339.00 0.00
270.00 339.00 0.00
442.00 335.00 0.00
496.00 360.00 0.00
540.00 338.00 0.00
541.00 345.00 0.00
488.00 340.00 0.00
498.00 339.00 0.00
510.00 337.00 0.00
521.00 338.00 0.00
532.00 338.00 0.00
105.00 328.00 0.00
116.00 329.00 0.00
127.00 331.00 0.00
373.00 147.00 0.00
373.00 155.00 0.00
393.00 115.00 0.00
485.00 145.00 0.00
487.00 119.00 0.00
503.00 107.00 0.00
503.00 117.00 0.00
137.00 329.00 0.00
149.00 328.00 0.00
234.00 330.00 0.00
245.00 330.00 0.00
258.00 328.00 0.00
268.00 331.00 0.00
424.00 324.00 0.00
480.00 356.00 0.00
474.00 352.00 0.00
432.00 330.00 0.00
490.00 330.00 0.00
500.00 329.00 0.00
513.00 331.00 0.00
116.00 321.00 0.00
127.00 322.00 0.00
137.00 320.00 0.00
147.00 320.00 0.00
181.00 321.00 0.00
192.00 320.00 0.00
203.00 320.00 1.00
187.00 317.00 0.00
236.00 321.00 0.00
248.00 320.00 0.00
258.00 318.00 0.00
268.00 321.00 0.00
434.00 320.00 0.00
444.00 321.00 0.00
477.00 320.00 0.00
490.00 321.00 0.00
500.00 320.00 0.00
512.00 318.00 0.00
116.00 311.00 0.00
125.00 310.00 0.00
136.00 312.00 0.00
234.00 312.00 0.00
246.00 310.00 0.00
259.00 312.00 0.00
431.00 310.00 0.00
445.00 312.00 0.00
454.00 312.00 0.00
467.00 311.00 0.00
477.00 312.00 0.00
487.00 309.00 0.00
499.00 309.00 0.00
510.00 312.00 0.00
520.00 310.00 0.00
127.00 303.00 0.00
136.00 302.00 0.00
147.00 304.00 0.00
236.00 304.00 0.00
245.00 305.00 0.00
256.00 301.00 0.00
435.00 302.00 0.00
445.00 302.00 0.00
455.00 302.00 0.00
467.00 301.00 0.00
476.00 302.00 0.00
488.00 301.00 0.00
500.00 303.00 0.00
512.00 304.00 0.00
521.00 301.00 0.00
140.00 295.00 0.00
148.00 294.00 0.00
159.00 296.00 1.00
179.00 324.00 0.00
176.00 318.00 1.00
185.00 324.00 0.00
192.00 325.00 0.00
196.00 323.00 0.00
224.00 293.00 0.00
237.00 293.00 0.00
247.00 294.00 0.00
443.00 294.00 0.00
458.00 295.00 0.00
467.00 294.00 0.00
512.00 293.00 0.00
522.00 293.00 0.00
532.00 291.00 0.00
126.00 284.00 0.00
134.00 285.00 0.00
148.00 287.00 0.00
159.00 285.00 0.00
171.00 285.00 0.00
213.00 283.00 0.00
226.00 285.00 0.00
236.00 285.00 0.00
245.00 284.00 0.00
257.00 285.00 0.00
413.00 283.00 0.00
422.00 285.00 0.00
434.00 284.00 0.00
445.00 285.00 0.00
457.00 286.00 0.00
467.00 284.00 0.00
509.00 286.00 0.00
113.00 276.00 0.00
127.00 274.00 0.00
134.00 275.00 0.00
149.00 276.00 0.00
158.00 275.00 0.00
169.00 275.00 0.00
181.00 276.00 0.00
193.00 275.00 0.00
205.00 275.00 0.00
212.00 274.00 0.00
223.00 276.00 0.00
236.00 276.00 0.00
247.00 276.00 0.00
256.00 276.00 0.00
423.00 276.00 0.00
445.00 276.00 0.00
457.00 276.00 0.00
465.00 276.00 0.00
103.00 267.00 0.00
114.00 268.00 0.00
126.00 267.00 0.00
138.00 268.00 0.00
146.00 268.00 0.00
159.00 266.00 0.00
169.00 267.00 0.00
181.00 267.00 0.00
190.00 266.00 0.00
202.00 266.00 0.00
213.00 268.00 0.00
224.00 267.00 0.00
235.00 266.00 0.00
246.00 267.00 0.00
258.00 267.00 0.00
270.00 268.00 0.00
415.00 273.00 0.00
455.00 268.00 0.00
467.00 266.00 0.00
478.00 267.00 0.00
102.00 258.00 0.00
114.00 258.00 0.00
126.00 260.00 0.00
135.00 259.00 0.00
149.00 257.00 0.00
159.00 257.00 0.00
169.00 259.00 0.00
180.00 259.00 0.00
192.00 258.00 0.00
203.00 258.00 0.00
214.00 256.00 0.00
224.00 258.00 0.00
237.00 258.00 0.00
247.00 258.00 0.00
258.00 257.00 0.00
270.00 257.00 0.00
279.00 257.00 0.00
456.00 258.00 0.00
466.00 258.00 0.00
92.00 250.00 0.00
104.00 247.00 0.00
115.00 251.00 0.00
126.00 249.00 0.00
137.00 249.00 0.00
148.00 250.00 0.00
159.00 249.00 0.00
170.00 250.00 0.00
178.00 248.00 0.00
190.00 248.00 0.00
201.00 249.00 0.00
212.00 249.00 0.00
225.00 248.00 0.00
235.00 248.00 0.00
248.00 247.00 0.00
257.00 248.00 0.00
269.00 248.00 0.00
279.00 248.00 0.00
290.00 250.00 0.00
82.00 241.00 0.00
93.00 242.00 0.00
102.00 240.00 0.00
113.00 239.00 0.00
126.00 239.00 0.00
137.00 240.00 0.00
147.00 240.00 0.00
158.00 239.00 0.00
168.00 240.00 0.00
182.00 238.00 0.00
193.00 241.00 0.00
203.00 240.00 0.00
214.00 240.00 0.00
224.00 241.00 0.00
236.00 240.00 0.00
244.00 240.00 0.00
256.00 238.00 0.00
268.00 240.00 0.00
279.00 239.00 0.00
289.00 239.00 0.00
71.00 230.00 0.00
81.00 230.00 0.00
91.00 229.00 0.00
103.00 231.00 0.00
115.00 230.00 0.00
125.00 230.00 0.00
137.00 231.00 0.00
149.00 231.00 0.00
159.00 229.00 0.00
169.00 231.00 0.00
180.00 233.00 0.00
193.00 229.00 0.00
203.00 231.00 0.00
213.00 229.00 0.00
225.00 229.00 0.00
236.00 232.00 0.00
248.00 231.00 0.00
257.00 232.00 0.00
269.00 231.00 0.00
279.00 229.00 0.00
289.00 230.00 0.00
300.00 232.00 0.00
60.00 221.00 0.00
69.00 221.00 0.00
81.00 221.00 0.00
94.00 221.00 0.00
102.00 222.00 0.00
115.00 222.00 0.00
126.00 222.00 0.00
139.00 221.00 0.00
148.00 223.00 0.00
158.00 223.00 0.00
171.00 223.00 0.00
182.00 221.00 0.00
194.00 223.00 0.00
202.00 220.00 0.00
212.00 221.00 0.00
224.00 222.00 0.00
235.00 222.00 0.00
246.00 222.00 0.00
258.00 222.00 0.00
268.00 221.00 0.00
280.00 221.00 0.00
290.00 221.00 0.00
303.00 222.00 0.00
311.00 223.00 0.00
57.00 213.00 0.00
71.00 213.00 0.00
82.00 212.00 0.00
93.00 214.00 0.00
102.00 212.00 0.00
114.00 213.00 0.00
126.00 213.00 0.00
137.00 213.00 0.00
148.00 211.00 0.00
158.00 212.00 0.00
170.00 214.00 0.00
179.00 212.00 0.00
192.00 212.00 0.00
203.00 212.00 0.00
214.00 210.00 0.00
224.00 212.00 0.00
235.00 213.00 0.00
246.00 213.00 0.00
256.00 215.00 0.00
269.00 213.00 0.00
280.00 213.00 0.00
288.00 213.00 0.00
302.00 214.00 0.00
311.00 212.00 0.00
324.00 213.00 0.00
50.00 203.00 0.00
59.00 202.00 0.00
72.00 201.00 0.00
83.00 203.00 0.00
94.00 204.00 0.00
103.00 204.00 0.00
113.00 204.00 0.00
126.00 204.00 0.00
137.00 202.00 0.00
146.00 201.00 0.00
157.00 204.00 0.00
170.00 202.00 0.00
183.00 203.00 0.00
193.00 204.00 0.00
201.00 203.00 0.00
213.00 205.00 0.00
223.00 203.00 0.00
236.00 205.00 0.00
245.00 204.00 0.00
257.00 203.00 0.00
269.00 203.00 0.00
277.00 202.00 0.00
289.00 204.00 0.00
301.00 205.00 0.00
312.00 204.00 0.00
324.00 204.00 0.00
49.00 195.00 0.00
61.00 194.00 0.00
70.00 194.00 0.00
82.00 194.00 0.00
91.00 194.00 0.00
105.00 194.00 0.00
115.00 195.00 0.00
127.00 194.00 0.00
137.00 195.00 0.00
146.00 194.00 0.00
158.00 194.00 0.00
170.00 195.00 0.00
180.00 194.00 0.00
192.00 194.00 0.00
201.00 197.00 0.00
215.00 196.00 0.00
225.00 194.00 0.00
236.00 195.00 0.00
246.00 196.00 0.00
256.00 194.00 0.00
270.00 193.00 0.00
281.00 195.00 0.00
292.00 194.00 0.00
300.00 195.00 0.00
313.00 194.00 0.00
324.00 195.00 0.00
335.00 194.00 0.00
48.00 187.00 0.00
60.00 186.00 0.00
70.00 185.00 0.00
82.00 186.00 0.00
93.00 184.00 0.00
104.00 185.00 0.00
114.00 186.00 0.00
125.00 185.00 0.00
136.00 188.00 0.00
148.00 185.00 0.00
158.00 187.00 0.00
168.00 186.00 0.00
181.00 183.00 0.00
191.00 187.00 0.00
202.00 185.00 0.00
214.00 185.00 0.00
224.00 185.00 0.00
235.00 185.00 0.00
246.00 186.00 0.00
258.00 185.00 0.00
271.00 186.00 0.00
279.00 187.00 0.00
290.00 187.00 0.00
303.00 184.00 0.00
312.00 187.00 0.00
323.00 184.00 0.00
334.00 186.00 0.00
49.00 178.00 0.00
57.00 178.00 0.00
71.00 177.00 0.00
82.00 176.00 0.00
104.00 177.00 0.00
114.00 177.00 0.00
125.00 177.00 0.00
136.00 177.00 0.00
149.00 176.00 0.00
159.00 176.00 0.00
168.00 176.00 0.00
181.00 177.00 0.00
192.00 176.00 0.00
203.00 176.00 0.00
213.00 174.00 0.00
223.00 177.00 0.00
236.00 176.00 0.00
247.00 176.00 0.00
257.00 178.00 0.00
268.00 176.00 0.00
280.00 178.00 0.00
290.00 177.00 0.00
300.00 178.00 0.00
313.00 176.00 0.00
325.00 175.00 0.00
412.00 175.00 0.00
422.00 178.00 0.00
434.00 176.00 0.00
59.00 167.00 0.00
72.00 168.00 0.00
104.00 167.00 0.00
113.00 167.00 0.00
125.00 168.00 0.00
136.00 167.00 0.00
148.00 167.00 0.00
159.00 169.00 0.00
169.00 165.00 0.00
181.00 168.00 0.00
192.00 168.00 0.00
202.00 168.00 0.00
215.00 168.00 0.00
226.00 167.00 0.00
234.00 167.00 0.00
246.00 167.00 0.00
255.00 169.00 0.00
270.00 169.00 0.00
312.00 168.00 0.00
412.00 168.00 0.00
424.00 168.00 0.00
468.00 166.00 0.00
114.00 159.00 0.00
125.00 159.00 0.00
137.00 159.00 0.00
148.00 158.00 0.00
158.00 158.00 0.00
170.00 158.00 0.00
181.00 157.00 0.00
192.00 160.00 0.00
201.00 159.00 0.00
213.00 159.00 0.00
225.00 157.00 0.00
237.00 158.00 0.00
247.00 157.00 0.00
256.00 157.00 0.00
267.00 158.00 0.00
379.00 158.00 0.00
411.00 160.00 0.00
423.00 158.00 0.00
468.00 159.00 0.00
479.00 159.00 0.00
489.00 157.00 0.00
114.00 149.00 0.00
125.00 150.00 0.00
136.00 152.00 0.00
146.00 149.00 0.00
160.00 150.00 0.00
169.00 149.00 0.00
181.00 148.00 0.00
191.00 151.00 0.00
203.00 148.00 0.00
212.00 150.00 0.00
224.00 149.00 0.00
235.00 151.00 0.00
247.00 148.00 0.00
257.00 151.00 0.00
269.00 149.00 0.00
367.00 151.00 0.00
380.00 150.00 0.00
389.00 150.00 0.00
400.00 151.00 0.00
411.00 148.00 0.00
422.00 149.00 0.00
434.00 150.00 0.00
467.00 150.00 0.00
477.00 150.00 0.00
114.00 141.00 0.00
125.00 142.00 0.00
138.00 141.00 0.00
146.00 141.00 0.00
159.00 142.00 0.00
169.00 141.00 0.00
181.00 139.00 0.00
192.00 140.00 0.00
202.00 140.00 0.00
213.00 139.00 0.00
227.00 141.00 0.00
236.00 141.00 0.00
244.00 141.00 0.00
259.00 140.00 0.00
389.00 142.00 0.00
400.00 140.00 0.00
413.00 143.00 0.00
423.00 141.00 0.00
434.00 141.00 0.00
444.00 140.00 0.00
457.00 141.00 0.00
467.00 140.00 0.00
477.00 141.00 0.00
116.00 132.00 0.00
127.00 131.00 0.00
136.00 131.00 0.00
149.00 134.00 0.00
158.00 133.00 0.00
169.00 130.00 0.00
180.00 131.00 0.00
192.00 132.00 0.00
203.00 131.00 0.00
213.00 133.00 0.00
225.00 132.00 0.00
237.00 132.00 0.00
246.00 134.00 0.00
257.00 132.00 0.00
401.00 131.00 0.00
413.00 129.00 0.00
422.00 131.00 0.00
434.00 133.00 0.00
445.00 131.00 0.00
454.00 134.00 0.00
466.00 130.00 0.00
476.00 132.00 0.00
114.00 122.00 0.00
126.00 123.00 0.00
135.00 122.00 0.00
148.00 123.00 0.00
158.00 121.00 0.00
169.00 122.00 0.00
179.00 122.00 0.00
193.00 121.00 0.00
202.00 121.00 0.00
215.00 124.00 0.00
224.00 122.00 0.00
236.00 122.00 0.00
248.00 123.00 0.00
256.00 124.00 0.00
268.00 123.00 0.00
402.00 123.00 0.00
414.00 123.00 0.00
422.00 125.00 0.00
433.00 124.00 0.00
445.00 121.00 0.00
455.00 124.00 0.00
467.00 122.00 0.00
477.00 123.00 0.00
104.00 116.00 0.00
114.00 114.00 0.00
126.00 115.00 0.00
136.00 113.00 0.00
147.00 113.00 0.00
160.00 112.00 0.00
168.00 114.00 0.00
180.00 114.00 0.00
192.00 115.00 0.00
202.00 115.00 0.00
212.00 113.00 0.00
225.00 112.00 0.00
236.00 112.00 0.00
246.00 113.00 0.00
257.00 114.00 0.00
269.00 113.00 0.00
401.00 114.00 0.00
412.00 114.00 0.00
454.00 112.00 0.00
466.00 113.00 0.00
479.00 113.00 0.00
495.00 112.00 0.00
510.00 113.00 0.00
102.00 103.00 0.00
114.00 104.00 0.00
123.00 106.00 0.00
137.00 105.00 0.00
149.00 104.00 0.00
158.00 105.00 0.00
170.00 103.00 0.00
181.00 105.00 0.00
190.00 103.00 0.00
203.00 104.00 0.00
214.00 103.00 0.00
225.00 105.00 0.00
234.00 105.00 0.00
248.00 105.00 0.00
257.00 104.00 0.00
268.00 103.00 0.00
390.00 105.00 0.00
400.00 104.00 0.00
413.00 106.00 0.00
455.00 106.00 0.00
467.00 104.00 0.00
103.00 96.00 0.00
114.00 95.00 0.00
124.00 95.00 0.00
138.00 96.00 0.00
148.00 95.00 0.00
158.00 95.00 0.00
171.00 94.00 0.00
181.00 95.00 0.00
190.00 96.00 0.00
202.00 95.00 0.00
213.00 95.00 0.00
223.00 95.00 0.00
234.00 96.00 0.00
247.00 94.00 0.00
258.00 96.00 0.00
269.00 93.00 0.00
279.00 95.00 0.00
455.00 97.00 0.00
465.00 97.00 0.00
93.00 88.00 0.00
105.00 89.00 0.00
115.00 87.00 0.00
128.00 86.00 0.00
137.00 85.00 0.00
148.00 89.00 0.00
158.00 87.00 0.00
214.00 86.00 0.00
224.00 87.00 0.00
235.00 86.00 0.00
247.00 87.00 0.00
258.00 85.00 0.00
267.00 88.00 0.00
280.00 87.00 0.00
444.00 87.00 0.00
455.00 85.00 0.00
466.00 86.00 0.00
92.00 77.00 0.00
103.00 79.00 0.00
116.00 78.00 0.00
125.00 77.00 0.00
136.00 78.00 0.00
146.00 78.00 0.00
158.00 78.00 0.00
216.00 78.00 0.00
225.00 76.00 0.00
235.00 78.00 0.00
247.00 79.00 0.00
257.00 79.00 0.00
269.00 78.00 0.00
277.00 78.00 0.00
93.00 69.00 0.00
102.00 68.00 0.00
114.00 70.00 0.00
127.00 68.00 0.00
137.00 68.00 0.00
147.00 69.00 0.00
225.00 68.00 0.00
234.00 70.00 0.00
246.00 69.00 0.00
258.00 69.00 0.00
268.00 68.00 0.00
280.00 70.00 0.00
289.00 67.00 0.00
82.00 60.00 0.00
95.00 60.00 0.00
104.00 61.00 0.00
115.00 60.00 0.00
124.00 60.00 0.00
135.00 60.00 0.00
147.00 59.00 0.00
223.00 60.00 0.00
236.00 60.00 0.00
246.00 60.00 0.00
257.00 60.00 0.00
269.00 59.00 0.00
280.00 60.00 0.00
291.00 60.00 0.00
82.00 50.00 0.00
91.00 50.00 0.00
103.00 50.00 0.00
115.00 51.00 0.00
125.00 51.00 0.00
138.00 52.00 0.00
148.00 50.00 0.00
235.00 50.00 0.00
246.00 49.00 0.00
257.00 51.00 0.00
269.00 51.00 0.00
281.00 49.00 0.00
290.00 49.00 0.00
93.00 42.00 0.00
104.00 41.00 0.00
114.00 41.00 0.00
125.00 42.00 0.00
137.00 42.00 0.00
146.00 41.00 0.00
235.00 42.00 0.00
246.00 41.00 0.00
259.00 43.00 0.00
270.00 40.00 0.00
280.00 42.00 0.00
290.00 44.00 0.00
92.00 34.00 0.00
104.00 31.00 0.00
115.00 34.00 0.00
126.00 36.00 0.00
136.00 32.00 0.00
236.00 32.00 0.00
245.00 33.00 0.00
257.00 35.00 0.00
268.00 34.00 0.00
279.00 34.00 0.00
104.00 23.00 0.00
113.00 22.00 0.00
126.00 23.00 0.00
246.00 22.00 0.00
258.00 24.00 0.00
269.00 23.00 0.00
279.00 24.00 0.00
